29600.993668057257 21536.93623085971
77089.16707789837 40824.783140667394
32949.75660566509 14027.354241258676
24707.54815024882 11183.22858304821
26354.290567902008 10420.678770283143
36481.00056909956 13633.300503128015
30521.49861305756 14612.394920841245
33818.938916872685 14307.230443029186
37346.03708218276 13205.356109164348
63436.56695877829 21480.14488746848
65930.32861015773 18553.60300561233
81597.26622544498 27647.382951605257
69215.21910615555 19950.8597561362
73431.23294847191 20539.073959150955
84893.863855777 21042.6340371904
104389.59651200104 25059.87694741965
88509.93469553548 24078.338974529404
92486.54257321937 21825.56881568656
115683.3985932747 31209.568396869825
122019.7195349 31016.206451271453
109067.58663017894 26828.564679703002
110385.04131157044 28561.32667309061
132304.95202848702 32578.48842672676
118286.8501453978 26067.953981143757
141841.52875741807 33235.16834069174
129803.27905833261 26506.91847714094
117041.28028032072 31173.535342918567
163019.146374731 34114.04255428504
121574.49035367434 25074.282650339046
93529.10508754088 22124.713771983428
130355.96930390506 29325.906731888594
154710.38550722814 34998.88466585566
179613.9814438695 33804.7091506614
144554.6116182356 28556.308285037358
200488.50036292238 38496.319196476936
224876.46635279138 40341.474760952166
54708.20983976454 11955.809631125743
86807.10346745593 15717.106634756656
33561.892200051174 6045.34483819878
21097.651239660827 4788.513821417697
85559.12521123624 14577.631017248557
78748.83201201494 14363.934076596446
87170.51708667488 15294.40113107432
148443.76081636583 22900.516571247932
256371.54642712892 44523.98347927857
275187.84636719286 43763.20012940843
211330.22371121426 36735.99734565432
132474.43887334203 23419.2360669716
121740.71988589209 20317.53684275255
380878.77827183576 58315.845119435915
302769.2133466737 42193.937712317136
173274.33032232674 24430.602149412367
105253.8336670315 15368.012459246596
45803.34572816967 5814.913732187159
48376.69664159655 6414.749974675702
124625.71765044886 13370.029402453974
101053.97895617664 10716.27608842794
138955.28211079753 14588.264061166843
121517.1638485246 16901.75008762867
145373.53081176887 17895.824222178162
328572.2997678102 39716.00292897547
282599.55093649396 30144.244226956907
365267.20391023386 38042.0541211066
196116.05029690106 20556.071077408236
606414.6463916685 56114.344209339615
219355.82357886923 19948.10293858775
399447.2163453383 33268.00823424305
183743.6388004873 12862.05471603411
294840.05133053527 20689.485990251265
585797.2397426687 43971.519845590716
649184.3975621846 47418.72015442128
274355.90456350124 17828.96987045345
282372.61182907945 18227.48083151926
304620.1882875762 19464.371096951385
393416.2799832787 24555.839499822123
548296.39792689 31209.596332653702
381107.0451400397 24340.527566947345
379794.9290226564 23246.614832400734
419903.4285807266 23287.64513957068
470440.0762353855 26146.454453591934
517778.61642580153 26109.54372777122
662695.7219510674 30500.14660278568
549956.1242811048 25425.36718251747
565916.2374800533 27317.33375249448
663498.9406354419 33505.04926775699
646865.0797920601 30833.54465972742
632030.7007599506 29020.33958696617
1418032.3464421579 61044.75529059363
861510.3891524673 33280.68663605606
445208.43528249784 17658.87293121181
108241.10601308387 4340.468351124662
54120.55300654194 2170.234175562331
216523.47178750142 8682.684777436716
2167578.2264605095 83769.37952041865
2293224.0985535337 78351.39261038644
1402003.308165788 44220.13061255499
1462790.2232300956 45192.95746017381
2834811.1216869284 82755.56915375718
3246883.6434741314 93494.58128602876
1729374.4459693457 47471.51514084454
1840946.6383669786 49019.90278307477
1879371.806725554 47837.83879500631
1995951.814840032 51489.62410309249
2107339.775323556 50758.06741171703
2318207.2675763625 51280.636670797554
2528389.848028546 57718.171646884184
2672532.373629019 59463.17626683301
2780879.284520573 61172.330453979455
2753807.1146892253 59413.18773588799
2709767.818587299 56656.19288163275
2794367.845224152 56290.64843502067
3535872.440356338 70730.82762052234
2388983.7616690616 46346.2849763798
6802050.94201486 129713.8552001375
3086391.6293823877 55979.74188949012
3862526.3354302007 66023.93433682277
4639205.867418312 79858.53794583505
3859288.7532092216 64156.55263909928
4467863.845928177 72128.0035630019
4904859.913103147 76993.83654586803
4085949.4240763704 63985.83696223253
4482173.019306129 67474.13100239814
4958655.4942351375 74289.47901945404
5015550.599812325 73728.59381724117
4707419.472675136 68835.51229916167
4921176.139886427 69533.41589107865
4699078.372084158 65317.18937196979
5149148.475958056 71379.70920448242
3638094.732920802 49780.54988533882
1777971.4750371026 23647.02061799346
888985.7375185513 11823.51030899673
888985.7375185316 11823.510308996469
3553236.1521095517 47258.04082305703
5184612.918977485 67958.08417604581
5797527.933048 75776.23382025861
5602375.601623267 72008.05600622483
5465012.803819641 66517.7486242761
6003585.712973286 71970.93977946154
5733679.182063839 66576.82106269425
12241866.476206463 139033.8844953684
13027187.212868556 140262.93875960255
13124738.147717968 133903.40607858868
6948818.624446866 68545.96230371419
7189254.494241795 70133.72846120741
6952086.396773965 66858.538493137
7053066.949918091 68964.44448645748
6598682.759191434 64089.004397454424
6451059.56067697 63865.48965070202
6122867.797938203 61247.44474986936
3763204.4742024564 39137.32653170555
1806905.7662006211 19242.875910134862
5378186.602403959 58472.32146762087
4728949.185489222 53762.795887635504
4278125.986661772 51569.81043854962
3778154.359999645 48305.58657289712
2992477.120616224 42467.35463307832
2083546.9854017308 35810.20671596109
1620541.2296007986 32007.712071645972
1342866.8947949058 28078.25319077057
1223826.162714855 40861.974096619095
628683.6840746381 32722.37745327106
481577.5272190652 28014.300239906268
552025.3320543019 31400.41448046995
230953.16410972597 13689.2385762597
230760.03743784747 13500.578212783741
531434.7022483853 32352.866621081925
187828.16308978637 12433.46843037035
240314.2633893955 15801.230739635223
164973.60818291802 11609.469829099702
199118.49617589035 17581.175614278007
300879.2497155765 26220.549571136853
232826.4004218277 22491.07014431135
112805.05803063359 10995.171767331942
147058.29101058282 13169.668717364071
3105748.4161878144 138519.78029032657
1145800.2151233405 35033.8751054073
660907.1926951997 19034.127149621752
3541906.2001830945 43919.63688227037
2852601.0702624107 39080.634662595025
1506692.9774915187 28175.158679091404
395623.2215189042 14400.685263288115
8980.362520752149 2177.737911282396
1e-10 1e-10
1e-10 1e-10
1e-10 1e-10
1e-10 1e-10
1e-10 1e-10
1e-10 1e-10
1e-10 1e-10
1e-10 1e-10
1e-10 1e-10
1e-10 1e-10
1e-10 1e-10
1e-10 1e-10
1e-10 1e-10
1e-10 1e-10
1e-10 1e-10
1e-10 1e-10
1e-10 1e-10
1e-10 1e-10
1e-10 1e-10
1e-10 1e-10
1e-10 1e-10
1e-10 1e-10
1e-10 1e-10
1e-10 1e-10
1e-10 1e-10
1e-10 1e-10
1e-10 1e-10
1e-10 1e-10
1e-10 1e-10