14789.512736084596 12488.799666054545
41888.631660070096 29525.00539717923
19685.457400273375 11953.992063979302
12639.467892850707 6686.35683873287
12450.989670318299 7000.565354206072
19983.12509861843 11750.03398629562
22156.464586957634 11931.03617570543
23319.05446977708 10240.160240344283
25581.973688471753 9680.894514263973
50206.4485620501 19030.338759098904
26447.32311844907 11209.586801878264
26888.2383397129 10934.630933482038
46238.12967697341 18693.710589863695
54026.063757306816 18036.35598277638
53130.4008594299 17624.160515686628
56074.22216652497 18057.67217647484
55724.784424148325 18005.301996624738
66759.32344423328 19156.850450231188
63677.40211927199 23052.50331758648
52258.90673548504 17189.314705972254
71600.89895663121 21981.398550107373
77428.93250490057 22697.83582068867
82136.33408483588 22186.938601226513
72089.79210233329 20562.288737113257
92128.28991509245 26844.650191111887
81213.8715217096 22985.406809407563
92150.53669843326 31152.37945971167
92486.55468405476 23182.670148026304
93829.36671877446 24192.26668426212
79392.15930496965 26466.843205030425
77382.70220778059 20547.467643432108
97086.39823703918 25527.85289515502
109122.82289608476 26241.581211379456
102637.82676781189 23266.41403106084
138709.55932143988 28974.54438830127
151695.7320707502 29628.790005635074
39240.053118940654 9668.554807717988
56642.54978413565 11996.670245104367
22539.32884681505 5299.926100324917
29862.926896853514 7376.7522603934785
56976.551118315365 11977.933267352586
63246.41934673252 12308.07163655288
63250.40715898029 13221.91028808545
126143.14159723744 26718.68751070971
210824.63844470534 42405.25962814041
235072.699591324 42663.887520524186
182148.83726576425 31584.561190721495
95893.9012215405 19442.415877238152
105646.68320706357 17765.99836269737
260373.56218619144 41209.559931215765
216546.62006992204 36868.103011738815
157440.4609417522 20567.755644681492
71779.27497907249 11721.394812121023
35871.30185978333 5327.792948898971
43055.81022433658 6970.735675320092
109580.42173218128 14073.818539747015
78178.21119096031 9645.419150447895
123771.14682715031 15071.142658601944
124724.63179761535 17163.552649506404
145830.39184917492 17644.87460638094
304243.21425310976 39519.510101447246
260214.30503882706 30119.44841560064
339812.3353803012 36573.980269128464
167559.58938068 18237.286967612166
502812.5961096636 50443.01084420099
194475.11424910455 18169.80649044069
300796.337828123 27921.84677715774
148672.59836156992 12191.153065648734
255542.4604507802 21331.918723928964
454354.4948691473 37087.4305282691
521656.38025354285 41969.647631327505
223381.14540870587 16516.82324686376
228681.66000953058 16131.07741057125
258084.9488568979 18817.243205675637
331045.61134648323 24277.673581325387
418698.3614512845 24180.510629905828
292181.36778995954 19003.71425718443
310692.6008897243 21717.345305805506
337206.87700622063 20953.654150102833
414587.2791826916 24302.20690922138
393491.7402817283 24661.431593177906
511877.8094997871 28826.540372279404
420777.6710828716 23860.604580140065
428735.2062020139 24415.63903506692
460266.9637731445 27224.796585551914
464218.6065973279 26231.612732195103
487869.0332706122 24674.431207774538
1080839.2955961267 56198.13561096535
651407.1862835829 29001.24503785272
306814.27287297597 13777.1164240836
72947.68547736997 3311.824920672597
36473.84273868499 1655.9124603362984
145912.69818030056 6624.496406317421
1452445.5111292913 66375.3433326567
1532590.1795924597 62577.573860306424
906089.6336676565 36307.187013164425
966257.2390305914 37774.87433267613
1883347.308868739 66871.45492276837
2104629.640579739 73809.03829853806
1138037.013888404 38568.055867019044
1208596.3441365182 40921.08045048101
1216226.212840455 39039.26965658048
1309672.7587680465 40660.30863917082
1360328.2353510123 41234.95287338383
1563200.0258111164 44820.230058212015
1704977.3967335226 46991.92377339258
1749820.0994696857 46707.54186771294
1810881.415015386 48374.16630722129
1878142.468194688 49826.33972251966
1786785.0558378333 45641.87580750572
1965016.1200603629 49846.425967093586
2388496.0022174395 59741.88262591443
1674214.1381956125 41520.510627251184
4668170.975270608 112222.95733434151
2145768.381364081 48926.1867238549
2724114.186521551 61209.08780315672
3115622.558881906 68891.39479064544
2505218.7272394523 52758.043521081716
2891586.6693287333 58633.0330206073
3186329.368673826 64260.39590405081
2715496.775326964 53762.678432396635
3126503.4364445563 59806.28623722458
3433043.912060258 64566.84332874169
3378491.6918951175 61449.78414685883
3368946.4368472802 60448.96480738341
3658990.2972584884 62108.2196273489
3686762.1996647213 60425.46531658202
4012555.4189251726 63956.58898048319
2991751.317647314 47138.11220727725
1526207.7889801962 22893.116834702945
763103.8944900981 11446.558417351473
763103.8944900812 11446.558417351218
3027086.206583898 42985.1348453086
4566065.475608485 62890.1967055868
5385374.56482012 72086.79820045618
5368907.784143509 66972.37603939316
5441100.208022393 64964.03723760076
6428630.053462901 71604.87902570567
6506000.929588446 70611.31318242502
14369974.759907018 147424.7742548812
16284674.483592369 155902.03947015046
17094206.471344415 152838.6383873062
9267651.410218427 79167.10602119716
9937856.958239624 81293.0104415381
9827315.889109371 79601.25870178589
10290768.423867092 82436.33658956038
10343621.271018405 80721.3436499948
10426720.176741524 81328.41737858388
9916637.322155954 78330.56017483758
5848805.992458678 48545.08973740703
4075503.8755749017 28420.71410714024
12365402.092576554 87214.10679885169
10785970.25802336 79968.29124380813
9642104.57278996 75042.44767046462
5430911.077317212 55346.3640471398
2016937.3679517768 33763.704984315395
1067037.8840070295 26428.82620434102
853756.9157448827 22738.830474126662
724726.71896203 20990.91417296116
861326.0135249923 34449.53404443619
638747.5241866632 35852.82413724643
611573.4925922847 30261.23860259711
868153.3647937184 37639.05383429878
397916.7162538272 18576.793395675588
333196.17989846464 16264.8601458691
445054.36280626827 29533.980681144767
45549.11037242034 8048.81029907697
9572.309630821472 3292.951885646056
10005.222932931598 3909.5363754681557
10929.819184670703 5042.97799441482
15932.206568754144 6819.70495548891
31872.76193884989 14277.169767345476
11633.913751832473 3907.122597468545
8016.891440851054 3333.195819278731
117050.74000036226 33194.49060094724
271571.2145995096 17514.912078979094
215011.89722031273 11868.656726561265
2165079.3588906387 33991.74593458303
1439459.0222485715 27637.61322717257
138860.8492328019 8873.208265976042
529855.4989840876 16849.404867693986
349335.65574059583 13554.22344273512
1e-10 1e-10
1e-10 1e-10
1e-10 1e-10
1e-10 1e-10
1e-10 1e-10
1e-10 1e-10
1e-10 1e-10
1e-10 1e-10
1e-10 1e-10
1e-10 1e-10
1e-10 1e-10
1e-10 1e-10
1e-10 1e-10
1e-10 1e-10
1e-10 1e-10
1e-10 1e-10
1e-10 1e-10
1e-10 1e-10
1e-10 1e-10
1e-10 1e-10
1e-10 1e-10
1e-10 1e-10
1e-10 1e-10
1e-10 1e-10
1e-10 1e-10
1e-10 1e-10
1e-10 1e-10
1e-10 1e-10
1e-10 1e-10