1	2
2	2
3	3
4	5
5	6
6	6
7	3
8	4
9	6
10	5
11	4
12	4
13	6
14	3
15	5
16	0
17	2
18	3
19	4
20	4
21	10
22	1
23	3
24	2
25	0
26	0
27	0
28	1
29	0
30	0
31	0
32	0
33	0
34	0
35	0
36	0
37	0
38	0
39	0
40	0
41	0
42	0
43	0
44	0
45	0
46	0
47	0
48	0
49	0
50	0
51	0
52	0
53	0
54	0
55	0
56	0
57	0
58	0
59	0
60	0
61	0
62	0
63	0
64	0
65	0
66	0
67	0
68	0
69	0
70	1
71	0
72	0
73	0
74	0
75	2
76	0
77	0
78	0
79	0
80	0
81	0
82	0
83	0
84	0
85	0
86	0
87	0
88	0
89	0
90	0
91	0
92	0
93	0
94	0
95	0
96	0
97	0
98	0
99	0
100	1
101	0
102	0
103	0
104	0
105	0
106	0
107	0
108	0
109	0
110	0
111	0
112	0
113	0
114	0
115	0
116	0
117	0
118	0
119	0
120	0
121	0
122	0
123	0
124	0
125	0
126	0
127	0
128	0
129	0
130	0
131	2
132	0
133	0
134	0
135	0
136	0
137	0
138	0
139	0
140	0
141	0
142	0
143	0
144	0
145	0
146	0
147	0
148	0
149	0
150	0
151	0
152	0
153	1
154	0
155	0
156	0
157	0
158	0
159	0
160	0
161	0
162	0
163	0
164	1
165	0
166	0
167	1
168	0
169	0
170	0
171	0
172	0
173	0
174	0
175	0
176	0
177	0
178	0
179	0
180	0
181	0
182	0
183	0
184	0
185	0
186	0
187	0
188	0
189	0
190	0
191	0
192	0
193	0
194	0
195	0
196	0
197	0
198	0
199	0
200	0
201	0
202	0
203	1
204	0
205	0
206	0
207	0
208	0
209	0
210	0
211	0
212	0
213	0
214	0
215	0
216	0
217	0
218	0
219	0
220	0
221	0
222	0
223	0
224	0
225	0
226	0
227	0
228	0
229	1
230	0
231	0
232	0
233	0
234	0
235	0
236	0
237	0
238	0
239	1
240	0
241	0
242	0
243	1
244	1
245	0
246	0
247	0
248	0
249	1
250	0
251	0
252	0
253	0
254	0
255	0
256	0
257	0
258	0
259	0
260	0
261	0
262	1
263	0
264	60
265	0
266	0
267	0
268	136
269	0
270	115
271	0
272	0
273	0
274	95
275	0
276	0
277	0
278	0
279	0
280	0
281	0
282	0
283	0
284	0
285	0
286	0
287	0
288	0
289	0
290	0
291	0
292	0
293	0
294	0
295	0
296	0
297	0
298	1
299	0
300	1
301	0
302	0
303	0
304	0
305	0
306	0
307	0
308	0
309	0
310	0
311	0
312	0
313	0
314	0
315	0
316	0
317	0
318	0
319	0
320	0
321	0
322	0
323	0
324	0
325	0
326	0
327	0
328	0
329	0
330	0
331	1
332	0
333	2
334	0
335	0
336	0
337	303
338	0
339	0
340	130
341	9
342	0
343	0
344	0
345	0
346	0
347	0
348	71
349	34
350	0
351	0
352	0
353	0
354	1
355	0
356	145
357	0
358	89
359	0
360	0
361	78
362	0
363	0
364	0
365	0
366	0
367	0
368	0
369	0
370	0
371	0
372	0
373	0
374	0
375	0
376	48
377	0
378	0
379	0
380	0
381	0
382	0
383	0
384	0
385	0
386	0
387	0
388	0
389	0
390	0
391	0
392	0
393	0
394	0
395	0
396	57
397	0
398	0
399	0
400	0
401	0
402	0
403	0
404	0
405	0
406	0
407	0
408	0
409	0
410	0
411	0
412	0
413	0
414	0
415	0
416	0
417	0
418	0
419	0
420	0
421	0
422	0
423	0
424	0
425	0
426	0
427	0
428	0
429	0
430	0
431	0
432	0
433	0
434	0
435	0
436	0
437	0
438	0
439	0
440	0
441	0
442	0
443	0
444	0
445	0
446	0
447	1
448	0
449	0
450	0
451	0
452	0
453	0
454	0
455	0
456	0
457	0
458	0
459	0
460	0
461	0
462	0
463	0
464	0
465	0
466	0
467	0
468	0
469	0
470	0
471	0
472	0
473	0
474	0
475	0
476	0
477	0
478	0
479	0
480	0
481	0
482	0
483	0
484	1
485	0
486	0
487	0
488	0
489	0
490	0
491	0
492	0
493	0
494	0
495	0
496	0
497	0
498	0
499	0
500	0
501	0
502	0
503	0
504	0
505	0
506	0
507	0
508	0
509	0
510	0
511	0
512	0
513	0
514	0
515	0
516	0
517	0
518	0
519	0
520	0
521	0
522	0
523	0
524	0
525	0
526	0
527	0
528	0
529	0
530	0
531	0
532	0
533	0
534	0
535	0
536	0
537	0
538	0
539	0
540	0
541	0
542	0
543	0
544	0
545	0
546	1
547	0
548	0
549	0
550	0
551	0
552	0
553	0
554	0
555	0
556	0
557	0
558	0
559	0
560	0
561	0
562	0
563	0
564	0
565	0
566	0
567	0
568	0
569	0
570	0
571	0
572	0
573	0
574	0
575	0
576	0
577	0
578	0
579	0
580	0
581	0
582	0
583	0
584	0
585	0
586	0
587	0
588	0
589	0
590	0
591	0
592	0
593	0
594	0
595	0
596	0
597	0
598	0
599	0
600	30
601	0
602	0
603	0
604	0
605	0
606	0
607	0
608	0
609	0
610	0
611	1
612	0
613	0
614	0
615	0
616	0
617	0
618	0
619	0
620	0
621	0
622	0
623	0
624	0
625	0
626	0
627	0
628	0
629	0
630	0
631	0
632	0
633	0
634	0
635	0
636	1
637	0
638	0
639	0
640	0
641	0
642	0
643	0
644	0
645	0
646	0
647	0
648	0
649	0
650	0
651	0
652	0
653	0
654	0
655	2
656	0
657	0
658	0
659	0
660	0
661	0
662	0
663	0
664	0
665	0
666	0
667	0
668	0
669	0
670	0
671	0
672	0
673	0
674	0
675	0
676	0
677	0
678	0
679	0
680	0
681	0
682	0
683	0
684	0
685	0
686	0
687	0
688	0
689	0
690	0
691	0
692	0
693	0
694	0
695	1
696	0
697	0
698	0
699	0
700	0
701	0
702	0
703	0
704	0
705	0
706	0
707	1
708	0
709	0
710	0
711	0
712	0
713	0
714	0
715	0
716	0
717	0
718	0
719	0
720	0
721	0
722	0
723	0
724	0
725	0
726	0
727	0
728	0
729	0
730	0
731	0
732	0
733	0
734	0
735	0
736	0
737	0
738	0
739	0
740	0
741	0
742	0
743	0
744	0
745	0
746	0
747	0
748	0
749	0
750	0
751	0
752	0
753	0
754	0
755	0
756	0
757	0
758	0
759	0
760	0
761	0
762	0
763	0
764	0
765	3
766	0
767	0
768	0
769	0
770	0
771	0
772	0
773	0
774	0
775	110
776	0
777	0
778	0
779	0
780	0
781	0
782	0
783	0
784	0
785	0
786	0
787	0
788	0
789	0
790	0
791	0
792	0
793	0
794	0
795	0
796	0
797	0
798	0
799	0
800	0
801	0
802	0
803	0
804	0
805	0
806	0
807	0
808	0
809	0
810	0
811	0
812	0
813	0
814	0
815	0
816	0
817	0
818	2
819	0
820	0
821	0
822	0
823	0
824	0
825	0
826	0
827	0
828	0
829	0
830	0
831	0
832	0
833	0
834	0
835	0
836	0
837	0
838	0
839	0
840	0
841	0
842	0
843	0
844	0
845	0
846	0
847	0
848	0
849	0
850	0
851	0
852	0
853	0
854	0
855	0
856	0
857	0
858	0
859	0
860	0
861	0
862	0
863	0
864	0
865	0
866	0
867	0
868	0
869	0
870	0
871	0
872	0
873	0
874	0
875	0
876	0
877	0
878	0
879	0
880	0
881	1
882	0
883	0
884	0
885	0
886	0
887	0
888	0
889	0
890	0
891	0
892	0
893	0
894	0
895	0
896	0
897	0
898	0
899	0
900	0
901	0
902	0
903	0
904	0
905	0
906	0
907	0
908	0
909	0
910	0
911	0
912	0
913	0
914	0
915	1
916	0
917	0
918	0
919	0
920	0
921	0
922	0
923	0
924	0
925	0
926	0
927	0
928	0
929	0
930	0
931	0
932	0
933	0
934	0
935	0
936	0
937	0
938	0
939	1
940	0
941	0
942	0
943	0
944	0
945	0
946	0
947	0
948	0
949	0
950	0
951	0
952	0
953	0
954	0
955	0
956	0
957	0
958	0
959	0
960	0
961	0
962	0
963	0
964	0
965	0
966	0
967	0
968	0
969	0
970	0
971	0
972	0
973	0
974	0
975	0
976	0
977	0
978	0
979	0
980	0
981	0
982	0
983	1
984	0
985	0
986	0
987	0
988	0
989	0
990	0
991	0
992	0
993	0
994	0
995	0
996	0
997	0
998	0
999	0
1000	0
1001	0
1002	0
1003	0
1004	0
1005	0
1006	0
1007	0
1008	0
1009	0
1010	0
1011	0
1012	0
1013	0
1014	0
1015	0
1016	0
1017	0
1018	0
1019	0
1020	0
1021	0
1022	0
1023	0
1024	0
1025	0
1026	0
1027	0
1028	0
1029	0
1030	0
1031	0
1032	0
1033	0
1034	0
1035	0
1036	0
1037	0
1038	0
1039	0
1040	0
1041	0
1042	0
1043	0
1044	0
1045	0
1046	0
1047	0
1048	0
1049	0
1050	0
1051	0
1052	0
1053	0
1054	0
1055	0
1056	0
1057	0
1058	0
1059	0
1060	0
1061	0
1062	0
1063	0
1064	0
1065	0
1066	0
1067	0
1068	0
1069	1
1070	0
1071	0
1072	0
1073	0
1074	0
1075	0
1076	0
1077	0
1078	0
1079	0
1080	0
1081	0
1082	0
1083	0
1084	0
1085	0
1086	0
1087	0
1088	0
1089	0
1090	0
1091	0
1092	0
1093	0
1094	0
1095	0
1096	0
1097	0
1098	0
1099	0
1100	0
1101	0
1102	0
1103	0
1104	0
1105	0
1106	0
1107	0
1108	0
1109	0
1110	0
1111	1
1112	0
1113	0
1114	0
1115	0
1116	0
1117	0
1118	0
1119	0
1120	0
1121	0
1122	0
1123	0
1124	0
1125	0
1126	0
1127	0
1128	0
1129	0
1130	0
1131	0
1132	0
1133	0
1134	0
1135	0
1136	0
1137	0
1138	0
1139	0
1140	0
1141	0
1142	0
1143	0
1144	0
1145	0
1146	0
1147	0
1148	0
1149	0
1150	0
1151	0
1152	0
1153	0
1154	0
1155	0
1156	0
1157	0
1158	0
1159	0
1160	0
1161	0
1162	0
1163	0
1164	0
1165	0
1166	0
1167	0
1168	0
1169	0
1170	0
1171	0
1172	0
1173	0
1174	0
1175	0
1176	0
1177	0
1178	0
1179	0
1180	0
1181	1
1182	0
1183	0
1184	0
1185	0
1186	0
1187	0
1188	0
1189	0
1190	0
1191	0
1192	0
1193	0
1194	0
1195	0
1196	0
1197	0
1198	0
1199	0
1200	0
1201	0
1202	0
1203	0
1204	0
1205	1
1206	0
1207	0
1208	0
1209	0
1210	0
1211	0
1212	0
1213	0
1214	0
1215	0
1216	0
1217	0
1218	0
1219	0
1220	0
1221	0
1222	0
1223	0
1224	0
1225	0
1226	0
1227	0
1228	0
1229	0
1230	0
1231	0
1232	0
1233	0
1234	0
1235	0
1236	0
1237	0
1238	0
1239	0
1240	1
1241	0
1242	0
1243	1
1244	0
1245	0
1246	0
1247	0
1248	0
1249	0
1250	0
1251	0
1252	0
1253	0
1254	0
1255	0
1256	0
1257	0
1258	0
1259	0
1260	0
1261	0
1262	0
1263	0
1264	0
1265	0
1266	0
1267	0
1268	0
1269	0
1270	0
1271	0
1272	0
1273	0
1274	0
1275	0
1276	0
1277	0
1278	0
1279	1
1280	0
1281	0
1282	0
1283	0
1284	0
1285	0
1286	0
1287	0
1288	0
1289	0
1290	0
1291	0
1292	0
1293	0
1294	0
1295	0
1296	0
1297	0
1298	0
1299	0
1300	0
1301	0
1302	0
1303	0
1304	0
1305	0
1306	0
1307	0
1308	0
1309	0
1310	0
1311	0
1312	0
1313	0
1314	0
1315	0
1316	0
1317	0
1318	0
1319	0
1320	0
1321	0
1322	0
1323	0
1324	0
1325	0
1326	1
1327	0
1328	0
1329	0
1330	0
1331	0
1332	0
1333	0
1334	0
1335	0
1336	0
1337	0
1338	0
1339	0
1340	0
1341	0
1342	0
1343	0
1344	0
1345	0
1346	0
1347	0
1348	0
1349	0
1350	0
1351	0
1352	0
1353	0
1354	0
1355	0
1356	0
1357	0
1358	0
1359	0
1360	0
1361	0
1362	0
1363	0
1364	0
1365	0
1366	0
1367	0
1368	0
1369	0
1370	4
1371	0
1372	0
1373	0
1374	1
1375	0
1376	0
1377	0
1378	0
1379	0
1380	0
1381	0
1382	0
1383	0
1384	0
1385	0
1386	0
1387	0
1388	0
1389	0
1390	0
1391	0
1392	0
1393	0
1394	0
1395	0
1396	0
1397	0
1398	0
1399	0
1400	0
1401	0
1402	0
1403	0
1404	0
1405	0
1406	0
1407	0
1408	0
1409	0
1410	0
1411	0
1412	0
1413	0
1414	0
1415	0
1416	0
1417	0
1418	0
1419	0
1420	0
1421	0
1422	0
1423	0
1424	0
1425	0
1426	0
1427	0
1428	0
1429	0
1430	0
1431	0
1432	0
1433	0
1434	0
1435	0
1436	0
1437	0
1438	0
1439	0
1440	0
1441	0
1442	0
1443	0
1444	0
1445	0
1446	0
1447	0
1448	0
1449	0
1450	1
1451	0
1452	0
1453	0
1454	0
1455	0
1456	0
1457	0
1458	0
1459	0
1460	0
1461	0
1462	0
1463	0
1464	0
1465	0
1466	0
1467	0
1468	0
1469	0
1470	0
1471	0
1472	1
1473	0
1474	0
1475	0
1476	0
1477	0
1478	0
1479	0
1480	0
1481	0
1482	0
1483	0
1484	0
1485	0
1486	0
1487	0
1488	0
1489	0
1490	0
1491	0
1492	0
1493	0
1494	0
1495	0
1496	0
1497	0
1498	0
1499	0
1500	0
1501	0
1502	0
1503	0
1504	0
1505	90
1506	0
1507	0
1508	0
1509	0
1510	0
1511	29
1512	0
1513	0
1514	0
1515	0
1516	0
1517	117
1518	0
1519	0
1520	0
1521	0
1522	0
1523	0
1524	0
1525	0
1526	0
1527	0
1528	0
1529	0
1530	0
1531	0
1532	0
1533	0
1534	0
1535	1
1536	0
1537	51
1538	0
1539	0
1540	0
1541	0
1542	0
1543	0
1544	0
1545	0
1546	0
1547	0
1548	0
1549	0
1550	0
1551	0
1552	0
1553	0
1554	0
1555	0
1556	0
1557	0
1558	0
1559	0
1560	0
1561	0
1562	0
1563	0
1564	1
1565	0
1566	0
1567	0
1568	0
1569	0
1570	0
1571	0
1572	0
1573	0
1574	0
1575	0
1576	0
1577	0
1578	0
1579	0
1580	0
1581	0
1582	0
1583	0
1584	0
1585	0
1586	0
1587	0
1588	0
1589	0
1590	0
1591	0
1592	0
1593	0
1594	0
1595	0
1596	0
1597	0
1598	0
1599	0
1600	0
1601	0
1602	0
1603	0
1604	0
1605	0
1606	0
1607	0
1608	0
1609	0
1610	0
1611	0
1612	0
1613	0
1614	0
1615	0
1616	0
1617	1
1618	0
1619	0
1620	0
1621	0
1622	0
1623	0
1624	0
1625	0
1626	0
1627	0
1628	0
1629	0
1630	0
1631	0
1632	0
1633	0
1634	0
1635	0
1636	0
1637	0
1638	0
1639	0
1640	0
1641	0
1642	0
1643	0
1644	0
1645	0
1646	0
1647	0
1648	0
1649	0
1650	0
1651	0
1652	0
1653	1
1654	0
1655	0
1656	0
1657	0
1658	0
1659	0
1660	0
1661	0
1662	0
1663	53
1664	0
1665	0
1666	0
1667	0
1668	0
1669	0
1670	0
1671	0
1672	0
1673	0
1674	0
1675	0
1676	0
1677	0
1678	0
1679	0
1680	0
1681	0
1682	0
1683	0
1684	0
1685	0
1686	0
1687	0
1688	0
1689	0
1690	0
1691	0
1692	2
1693	2
1694	4
1695	5
1696	3
1697	2
1698	1
1699	7
1700	4
1701	5
1702	3
1703	2
1704	3
1705	3
1706	1
1707	10
1708	0
1709	3
1710	1
1711	1
1712	1
1713	5
1714	0
1715	5
1716	3
1717	0
1718	0
1719	0
1720	2
1721	3
1722	4
1723	1
1724	3
1725	4
1726	2
1727	5
1728	4
1729	1
1730	6
1731	2
1732	5
1733	4
1734	7
1735	6
1736	3
1737	11
1738	2
1739	5
1740	1
1741	2
1742	5
1743	3
1744	2
1745	3
1746	0
1747	0
1748	0
1749	0
1750	0
1751	1
1752	5
1753	4
1754	5
1755	6
1756	9
1757	7
1758	0
1759	0
1760	0
1761	0
1762	3
1763	8
1764	6
1765	4
1766	10
1767	10
1768	5
1769	6
1770	8
1771	7
1772	10
1773	11
1774	12
1775	4
1776	9
1777	8
1778	2
1779	8
1780	4
1781	2
1782	6
1783	6
1784	10
1785	4
1786	4
1787	6
1788	7
1789	5
1790	12
1791	4
1792	5
1793	8
1794	7
1795	4
1796	7
1797	9
1798	9
1799	3
1800	6
1801	3
1802	2
1803	3
1804	2
1805	6
1806	1
1807	3
1808	6
1809	2
1810	3
1811	2
1812	2
1813	2
1814	1
1815	0
1816	2
1817	3
1818	3
1819	0
1820	4
1821	0
1822	1
1823	3
1824	3
1825	3
1826	3
1827	1
1828	3
1829	4
1830	4
1831	2
1832	4
1833	4
1834	0
1835	1
1836	8
1837	2
1838	4
1839	1
1840	3
1841	1
1842	2
1843	1
1844	5
1845	2
1846	3
1847	2
1848	2
1849	0
1850	5
1851	2
1852	1
1853	1
1854	3
1855	1
1856	5
1857	6
1858	4
1859	2
1860	5
1861	4
1862	2
1863	3
1864	2
1865	4
1866	7
1867	7
1868	4
1869	2
1870	4
1871	4
1872	9
1873	2
1874	3
1875	4
1876	3
1877	2
1878	4
1879	7
1880	4
1881	7
1882	4
1883	4
1884	2
1885	3
1886	8
1887	10
1888	3
1889	2
1890	1
1891	8
1892	2
1893	4
1894	3
1895	2
1896	3
1897	2
1898	3
1899	0
1900	2
1901	1
1902	4
1903	3
1904	3
1905	4
1906	5
1907	3
1908	2
1909	0
1910	3
1911	1
1912	1
1913	2
1914	3
1915	1
1916	1
1917	2
1918	4
1919	2
1920	2
1921	4
1922	4
1923	3
1924	2
1925	1
1926	5
1927	2
1928	1
1929	3
1930	2
1931	5
1932	3
1933	2
1934	2
1935	3
1936	3
1937	2
1938	3
1939	3
1940	2
1941	2
1942	0
1943	2
1944	3
1945	3
1946	2
1947	0
1948	12
1949	1
1950	0
1951	1
1952	0
1953	3
1954	5
1955	3
1956	1
1957	1
1958	1
1959	4
1960	3
1961	1
1962	1
1963	1
1964	1
1965	2
1966	2
1967	1
1968	2
1969	1
1970	3
1971	6
1972	2
1973	2
1974	2
1975	2
1976	3
1977	1
1978	2
1979	4
1980	3
1981	2
1982	4
1983	3
1984	4
1985	1
1986	1
1987	1
1988	3
1989	2
1990	2
1991	2
1992	0
1993	5
1994	1
1995	2
1996	4
1997	0
1998	1
1999	3
2000	0
2001	1
2002	2
2003	3
2004	2
2005	3
2006	2
2007	1
2008	0
2009	1
2010	2
2011	0
2012	4
2013	4
2014	1
2015	4
2016	3
2017	6
2018	4
2019	0
2020	0
2021	0
2022	0
2023	0
2024	0
2025	0
2026	0
2027	0
2028	0
2029	0
2030	1
2031	2
2032	3
2033	5
2034	6
2035	4
2036	3
2037	5
2038	4
2039	4
2040	6
2041	5
2042	7
2043	5
2044	0
2045	1
2046	0
2047	0
2048	0
2049	0
2050	1
2051	1
2052	0
2053	3
2054	1
2055	1
2056	0
2057	0
2058	1
2059	1
2060	1
2061	0
2062	1
2063	1
2064	2
2065	4
2066	4
2067	6
2068	1
2069	3
2070	8
2071	3
2072	0
2073	1
2074	2
2075	1
2076	1
2077	1
2078	1
2079	3
2080	2
2081	0
2082	1
2083	2
2084	3
2085	1
2086	1
2087	1
2088	1
2089	3
2090	3
2091	168
2092	0
2093	1
2094	0
2095	2
2096	1
2097	1
2098	1
2099	23
2100	0
2101	1
2102	1
2103	1
2104	2
2105	1
2106	3
2107	1
2108	2
2109	3
2110	0
2111	29
2112	1
2113	1
2114	1
2115	1
2116	0
2117	2
2118	0
2119	1
2120	0
2121	1
2122	1
2123	1
2124	1
2125	0
2126	0
2127	4
2128	0
2129	0
2130	2
2131	1
2132	0
2133	1
2134	1
2135	0
2136	2
2137	4
2138	1
2139	0
2140	0
2141	2
2142	0
2143	149
2144	0
2145	0
2146	1
2147	2
2148	0
2149	2
2150	0
2151	1
2152	2
2153	2
2154	1
2155	1
2156	2
2157	0
2158	1
2159	0
2160	0
2161	1
2162	1
2163	1
2164	2
2165	3
2166	0
2167	1
2168	1
2169	5
2170	0
2171	0
2172	0
2173	2
2174	57
2175	2
2176	0
2177	2
2178	14
2179	1
2180	2
2181	1
2182	1
2183	0
2184	1
2185	0
2186	0
2187	1
2188	3
2189	0
2190	3
2191	1
2192	1
2193	1
2194	1
2195	0
2196	0
2197	0
2198	1
2199	2
2200	1
2201	2
2202	1
2203	0
2204	2
2205	2
2206	0
2207	0
2208	0
2209	0
2210	1
2211	2
2212	0
2213	2
2214	0
2215	0
2216	1
2217	2
2218	1
2219	2
2220	1
2221	1
2222	2
2223	1
2224	1
2225	5
2226	1
2227	1
2228	0
2229	4
2230	1
2231	1
2232	4
2233	1
2234	0
2235	2
2236	0
2237	2
2238	2
2239	1
2240	2
2241	0
2242	2
2243	1
2244	3
2245	1
2246	1
2247	0
2248	0
2249	1
2250	1
2251	1
2252	0
2253	0
2254	1
2255	3
2256	1
2257	0
2258	3
2259	0
2260	2
2261	1
2262	2
2263	2
2264	1
2265	1
2266	0
2267	0
2268	0
2269	1
2270	1
2271	0
2272	2
2273	0
2274	1
2275	0
2276	0
2277	0
2278	1
2279	1
2280	0
2281	2
2282	2
2283	1
2284	0
2285	0
2286	0
2287	2
2288	0
2289	4
2290	3
2291	1
2292	0
2293	1
2294	3
2295	0
2296	1
2297	1
2298	1
2299	1
2300	0
2301	2
2302	1
2303	1
2304	132
2305	1
2306	1
2307	3
2308	1
2309	0
2310	1
2311	0
2312	0
2313	0
2314	2
2315	1
2316	0
2317	1
2318	1
2319	3
2320	3
2321	2
2322	1
2323	3
2324	2
2325	1
2326	0
2327	0
2328	1
2329	0
2330	0
2331	3
2332	1
2333	1
2334	1
2335	1
2336	0
2337	2
2338	0
2339	0
2340	0
2341	0
2342	2
2343	1
2344	1
2345	1
2346	1
2347	2
2348	0
2349	0
2350	1
2351	1
2352	0
2353	0
2354	1
2355	1
2356	0
2357	1
2358	2
2359	1
2360	4
2361	0
2362	1
2363	4
2364	2
2365	3
2366	2
2367	0
2368	1
2369	1
2370	0
2371	1
2372	1
2373	1
2374	1
2375	3
2376	2
2377	3
2378	0
2379	4
2380	0
2381	0
2382	0
2383	1
2384	3
2385	0
2386	1
2387	1
2388	1
2389	2
2390	2
2391	0
2392	0
2393	0
2394	0
2395	0
2396	0
2397	0
2398	0
2399	0
2400	0
2401	0
2402	0
2403	0
2404	0
2405	0
2406	0
2407	0
2408	0
2409	0
2410	0
2411	0
2412	0
2413	0
2414	0
2415	0
2416	0
2417	0
2418	0
2419	0
2420	0
2421	0
2422	0
2423	0
2424	0
2425	0
2426	0
2427	0
2428	0
2429	0
2430	0
2431	0
2432	0
2433	0
2434	1
2435	1
2436	0
2437	0
2438	0
2439	1
2440	0
2441	0
2442	0
2443	0
2444	0
2445	0
2446	0
2447	0
2448	0
2449	0
2450	0
2451	1
2452	0
2453	0
2454	0
2455	0
2456	0
2457	0
2458	0
2459	0
2460	0
2461	0
2462	0
2463	0
2464	0
2465	0
2466	0
2467	0
2468	0
2469	0
2470	0
2471	0
2472	0
2473	0
2474	0
2475	0
2476	0
2477	0
2478	0
2479	0
2480	0
2481	0
2482	0
2483	0
2484	0
2485	0
2486	0
2487	0
2488	0
2489	0
2490	0
2491	0
2492	0
2493	0
2494	0
2495	0
2496	0
2497	0
2498	0
2499	0
2500	0
2501	0
2502	0
2503	0
2504	0
2505	0
2506	10
2507	0
2508	0
2509	0
2510	0
2511	0
2512	0
2513	0
2514	0
2515	0
2516	0
2517	0
2518	0
2519	0
2520	0
2521	0
2522	0
2523	0
2524	0
2525	0
2526	0
2527	0
2528	0
2529	0
2530	0
2531	0
2532	0
2533	0
2534	0
2535	0
2536	0
2537	0
2538	0
2539	0
2540	0
2541	0
2542	0
2543	0
2544	0
2545	0
2546	0
2547	0
2548	0
2549	0
2550	0
2551	0
2552	0
2553	0
2554	0
2555	0
2556	0
2557	0
2558	1
2559	0
2560	0
2561	0
2562	0
2563	0
2564	0
2565	0
2566	0
2567	2
2568	0
2569	0
2570	0
2571	0
2572	0
2573	0
2574	0
2575	0
2576	0
2577	0
2578	0
2579	0
2580	0
2581	0
2582	0
2583	0
2584	0
2585	0
2586	0
2587	0
2588	0
2589	0
2590	0
2591	0
2592	0
2593	0
2594	0
2595	0
2596	0
2597	0
2598	0
2599	0
2600	0
2601	0
2602	0
2603	0
2604	0
2605	0
2606	0
2607	1
2608	0
2609	0
2610	0
2611	0
2612	0
2613	0
2614	0
2615	0
2616	0
2617	0
2618	0
2619	0
2620	0
2621	0
2622	0
2623	0
2624	0
2625	0
2626	0
2627	0
2628	0
2629	0
2630	0
2631	0
2632	0
2633	0
2634	0
2635	0
2636	0
2637	0
2638	0
2639	0
2640	0
2641	0
2642	0
2643	0
2644	0
2645	0
2646	0
2647	0
2648	0
2649	0
2650	0
2651	0
2652	0
2653	0
2654	0
2655	0
2656	0
2657	0
2658	0
2659	0
2660	0
2661	0
2662	0
2663	0
2664	0
2665	0
2666	0
2667	0
2668	0
2669	0
2670	0
2671	0
2672	0
2673	0
2674	0
2675	0
2676	0
2677	0
2678	0
2679	0
2680	0
2681	0
2682	0
2683	0
2684	1
2685	0
2686	0
2687	0
2688	0
2689	0
2690	0
2691	0
2692	0
2693	0
2694	1
2695	0
2696	0
2697	0
2698	0
2699	0
2700	0
2701	0
2702	0
2703	0
2704	0
2705	0
2706	0
2707	0
2708	0
2709	0
2710	0
2711	0
2712	0
2713	0
2714	0
2715	0
2716	0
2717	0
2718	0
2719	0
2720	0
2721	0
2722	0
2723	0
2724	0
2725	0
2726	0
2727	0
2728	0
2729	0
2730	0
2731	0
2732	0
2733	0
2734	0
2735	0
2736	0
2737	0
2738	0
2739	0
2740	0
2741	0
2742	0
2743	0
2744	0
2745	0
2746	0
2747	0
2748	0
2749	0
2750	1
2751	1
2752	0
2753	0
2754	0
2755	0
2756	0
2757	0
2758	0
2759	0
2760	0
2761	1
2762	0
2763	0
2764	0
2765	0
2766	0
2767	0
2768	0
2769	0
2770	0
2771	0
2772	0
2773	1
2774	2
2775	1
2776	0
2777	1
2778	0
2779	1
2780	1
2781	2
2782	0
2783	1
2784	1
2785	1
2786	2
2787	1
2788	0
2789	0
2790	2
2791	0
2792	1
2793	0
2794	1
2795	0
2796	0
2797	1
2798	1
2799	2
2800	0
2801	0
2802	2
2803	0
2804	1
2805	2
2806	0
2807	0
2808	0
2809	0
2810	0
2811	0
2812	1
2813	2
2814	0
2815	0
2816	1
2817	1
2818	0
2819	0
2820	0
2821	0
2822	1
2823	1
2824	0
2825	1
2826	1
2827	0
2828	1
2829	0
2830	1
2831	1
2832	0
2833	2
2834	0
2835	2
2836	0
2837	2
2838	1
2839	1
2840	1
2841	1
2842	1
2843	2
2844	0
2845	1
2846	1
2847	1
2848	0
2849	0
2850	0
2851	2
2852	2
2853	0
2854	0
2855	0
2856	0
2857	1
2858	0
2859	0
2860	1
2861	2
2862	1
2863	1
2864	2
2865	0
2866	0
2867	183
2868	4
2869	4
2870	8
2871	1
2872	3
2873	3
2874	0
2875	3
2876	4
2877	5
2878	1
2879	0
2880	1
2881	7
2882	2
2883	796
2884	35
2885	2
2886	3
2887	1
2888	0
2889	1
2890	2
2891	0
2892	1
2893	0
2894	1
2895	1
2896	1
2897	0
2898	1
2899	1
2900	2
2901	0
2902	1
2903	2
2904	0
2905	1
2906	0
2907	0
2908	1
2909	0
2910	0
2911	0
2912	0
2913	1
2914	0
2915	0
2916	2
2917	2
2918	0
2919	0
2920	0
2921	0
2922	1
2923	1
2924	0
2925	1
2926	1
2927	0
2928	1
2929	137
2930	6
2931	1
2932	1
2933	2
2934	0
2935	21
2936	1
2937	2
2938	5
2939	0
2940	1
2941	23
2942	0
2943	0
2944	1
2945	1
2946	2
2947	2
2948	1
2949	2
2950	2
2951	0
2952	14
2953	3
2954	248
2955	211
2956	0
2957	3
2958	1
2959	0
2960	0
2961	3
2962	1
2963	2
2964	2
2965	1
2966	1
2967	1
2968	0
2969	2
2970	1
2971	1
2972	1
2973	3
2974	3
2975	1
2976	0
2977	0
2978	2
2979	0
2980	0
2981	1
2982	0
2983	0
2984	1
2985	1
2986	1
2987	0
2988	0
2989	0
2990	1
2991	1
2992	0
2993	4
2994	3
2995	4
2996	0
2997	0
2998	0
2999	0
3000	1
3001	0
3002	1
3003	0
3004	0
3005	1
3006	1
3007	1
3008	0
3009	0
3010	0
3011	0
3012	0
3013	3
3014	1
3015	0
3016	0
3017	2
3018	1
3019	8
3020	280
3021	0
3022	1
3023	2
3024	0
3025	2
3026	162
3027	5
3028	2
3029	0
3030	1
3031	0
3032	1
3033	3
3034	2
3035	10
3036	1
3037	0
3038	4
3039	1
3040	0
3041	2
3042	1
3043	0
3044	0
3045	1
3046	4
3047	0
3048	2
3049	1
3050	2
3051	0
3052	2
3053	0
3054	2
3055	145
3056	4
3057	0
3058	2
3059	1
3060	0
3061	0
3062	2
3063	3
3064	0
3065	1
3066	1
3067	0
3068	1
3069	1
3070	0
3071	0
3072	3
3073	2
3074	0
3075	0
3076	0
3077	1
3078	0
3079	1
3080	1
3081	0
3082	0
3083	1
3084	8
3085	3
3086	2
3087	0
3088	1
3089	0
3090	3
3091	2
3092	4
3093	1
3094	1
3095	1
3096	0
3097	1
3098	2
3099	3
3100	0
3101	1
3102	1
3103	3
3104	4
3105	3
3106	3
3107	2
3108	3
3109	1
3110	1
3111	0
3112	0
3113	1
3114	0
3115	0
3116	0
3117	1
3118	1
3119	0
3120	1
3121	1
3122	2
3123	3
3124	5
3125	0
3126	1
3127	2
3128	0
3129	1
3130	0
3131	0
3132	0
3133	1
3134	2
3135	1
3136	0
3137	1
3138	2
3139	3
3140	3
3141	3
3142	1
3143	0
3144	3
3145	2
3146	0
3147	0
3148	1
3149	0
3150	2
3151	1
3152	3
3153	2
3154	2
3155	2
3156	1
3157	1
3158	1
3159	0
3160	112
3161	0
3162	1
3163	2
3164	1
3165	3
3166	2
3167	1
3168	2
3169	1
3170	0
3171	1
3172	0
3173	2
3174	18
3175	8
3176	0
3177	0
3178	0
3179	0
3180	0
3181	0
3182	2
3183	2
3184	119
3185	68
3186	69
3187	53
3188	30
3189	34
3190	28
3191	12
3192	17
3193	23
3194	25
3195	28
3196	15
3197	3
3198	2
3199	3
3200	2
3201	0
3202	0
3203	0
3204	0
3205	1
3206	9
3207	5
3208	8
3209	11
3210	6
3211	7
3212	14
3213	13
3214	13
3215	9
3216	12
3217	22
3218	18
3219	23
3220	16
3221	34
3222	29
3223	56
3224	92
3225	168
3226	195
3227	236
3228	235
3229	255
3230	265
3231	322
3232	366
3233	535
3234	1141
3235	1703
3236	1840
3237	1044
3238	508
3239	358
3240	260
3241	206
3242	194
3243	197
3244	187
3245	149
3246	79
3247	35
3248	71
3249	93
3250	80
3251	78
3252	148
3253	111
3254	132
3255	98
3256	99
3257	102
3258	76
3259	117
3260	96
3261	34
3262	19
3263	21
3264	48
3265	107
3266	139
3267	143
3268	137
3269	109
3270	137
3271	141
3272	126
3273	83
3274	97
3275	96
3276	82
3277	68
3278	95
3279	74
3280	74
3281	84
3282	73
3283	69
3284	89
3285	103
3286	80
3287	68
3288	66
3289	79
3290	80
3291	69
3292	81
3293	78
3294	28
3295	6
3296	71
3297	94
3298	85
3299	71
3300	73
3301	75
3302	75
3303	75
3304	64
3305	70
3306	89
3307	61
3308	71
3309	89
3310	102
3311	100
3312	82
3313	107
3314	98
3315	93
3316	90
3317	82
3318	85
3319	104
3320	83
3321	78
3322	66
3323	75
3324	101
3325	76
3326	60
3327	63
3328	76
3329	66
3330	20
3331	54
3332	17
3333	22
3334	62
3335	78
3336	61
3337	69
3338	72
3339	31
3340	54
3341	61
3342	79
3343	65
3344	70
3345	75
3346	83
3347	91
3348	171
3349	177
3350	182
3351	144
3352	124
3353	77
3354	79
3355	68
3356	67
3357	35
3358	2
3359	31
3360	27
3361	1
3362	4
3363	53
3364	59
3365	54
3366	35
3367	49
3368	42
3369	40
3370	63
3371	56
3372	67
3373	53
3374	39
3375	55
3376	53
3377	62
3378	61
3379	91
3380	111
3381	146
3382	207
3383	285
3384	564
3385	1534
3386	3162
3387	2804
3388	1984
3389	1089
3390	653
3391	288
3392	0
3393	1
3394	0
3395	1
3396	22
3397	153
3398	169
3399	166
3400	154
3401	120
3402	103
3403	110
3404	66
3405	77
3406	61
3407	63
3408	38
3409	29
3410	24
3411	24
3412	21
3413	23
3414	34
3415	39
3416	38
3417	52
3418	78
3419	89
3420	93
3421	131
3422	168
3423	178
3424	171
3425	226
3426	213
3427	248
3428	259
3429	230
3430	221
3431	253
3432	286
3433	276
3434	265
3435	39
3436	0
3437	2
3438	201
3439	358
3440	399
3441	453
3442	392
3443	381
3444	418
3445	470
3446	422
3447	3
3448	2
3449	2
3450	0
3451	2
3452	1
3453	0
3454	0
3455	0
3456	0
3457	2
3458	1
3459	2
3460	1
3461	1
3462	2
3463	3
3464	1
3465	0
3466	1
3467	3
3468	1
3469	1
3470	1
3471	0
3472	2
3473	0
3474	2
3475	1
3476	5
3477	2
3478	1
3479	1
3480	1
3481	1
3482	2
3483	3
3484	0
3485	1
3486	1
3487	0
3488	3
3489	3
3490	1
3491	2
3492	2
3493	0
3494	2
3495	1
3496	1
3497	0
3498	3
3499	0
3500	0
3501	0
3502	0
3503	2
3504	3
3505	2
3506	1
3507	1
3508	1
3509	1
3510	1
3511	4
3512	1
3513	0
3514	3
3515	2
3516	2
3517	1
3518	0
3519	0
3520	0
3521	2
3522	0
3523	0
3524	2
3525	3
3526	1
3527	1
3528	1
3529	0
3530	4
3531	1
3532	1
3533	2
3534	0
3535	3
3536	1
3537	2
3538	1
3539	1
3540	1
3541	2
3542	1
3543	3
3544	0
3545	3
3546	169
3547	372
3548	349
3549	430
3550	382
3551	401
3552	440
3553	429
3554	337
3555	221
3556	135
3557	162
3558	94
3559	61
3560	32
3561	31
3562	24
3563	23
3564	33
3565	34
3566	50
3567	46
3568	60
3569	94
3570	113
3571	122
3572	145
3573	165
3574	209
3575	237
3576	254
3577	355
3578	510
3579	705
3580	969
3581	1594
3582	2699
3583	4692
3584	6070
3585	6700
3586	6979
3587	6590
3588	6088
3589	4179
3590	2158
3591	1078
3592	865
3593	726
3594	607
3595	579
3596	515
3597	443
3598	368
3599	278
3600	242
3601	213
3602	201
3603	169
3604	129
3605	107
3606	70
3607	78
3608	54
3609	62
3610	43
3611	79
3612	67
3613	112
3614	154
3615	175
3616	196
3617	240
3618	459
3619	700
3620	847
3621	1067
3622	1293
3623	1543
3624	1772
3625	1925
3626	2271
3627	3354
3628	4420
3629	3887
3630	3797
3631	3499
3632	1200
3633	330
3634	253
3635	528
3636	984
3637	1145
3638	1340
3639	1372
3640	1562
3641	1844
3642	2275
3643	2896
3644	3836
3645	4612
3646	5083
3647	5069
3648	5161
3649	5731
3650	6359
3651	7138
3652	6947
3653	6958
3654	6574
3655	6469
3656	6813
3657	6961
3658	7055
3659	7121
3660	6961
3661	7231
3662	7140
3663	3924
3664	5
3665	8
3666	6
3667	8
3668	7
3669	2
3670	2
3671	2
3672	6
3673	6
3674	7
3675	7
3676	9
3677	4
3678	4
3679	5
3680	5
3681	4
3682	4
3683	2
3684	1
3685	7
3686	3
3687	2
3688	3
3689	2
3690	7
3691	152
3692	3
3693	2
3694	1
3695	6
3696	1
3697	2
3698	7
3699	2
3700	6
3701	3
3702	2
3703	1
3704	3
3705	3
3706	3
3707	2
3708	3
3709	4
3710	4
3711	1
3712	4
3713	4
3714	5
3715	4
3716	2
3717	3
3718	4
3719	2
3720	6
3721	6
3722	4
3723	0
3724	5
3725	2
3726	1
3727	1
3728	4
3729	1
3730	4
3731	4
3732	1
3733	3
3734	4
3735	2
3736	3
3737	4
3738	4
3739	2
3740	1
3741	3
3742	3
3743	1
3744	2
3745	1
3746	2
3747	2
3748	0
3749	7
3750	4
3751	2
3752	3
3753	3
3754	4
3755	0
3756	1
3757	1
3758	6
3759	2
3760	2
3761	2
3762	2
3763	4
3764	1
3765	4
3766	0
3767	1
3768	1
3769	0
3770	0
3771	1
3772	4
3773	1
3774	2
3775	0
3776	3
3777	2
3778	3
3779	2
3780	3
3781	1
3782	0
3783	1
3784	2
3785	2
3786	2
3787	0
3788	2
3789	0
3790	2
3791	1
3792	0
3793	2
3794	1
3795	0
3796	2
3797	0
3798	0
3799	2
3800	2
3801	2
3802	0
3803	0
3804	0
3805	0
3806	1
3807	4
3808	2
3809	1
3810	0
3811	0
3812	1
3813	2
3814	0
3815	1
3816	1
3817	1
3818	1
3819	3
3820	0
3821	0
3822	0
3823	1
3824	2
3825	1
3826	0
3827	1
3828	1
3829	2
3830	2
3831	0
3832	0
3833	0
3834	158
3835	19
3836	2
3837	0
3838	1
3839	3
3840	1
3841	0
3842	1
3843	0
3844	0
3845	0
3846	3
3847	0
3848	2
3849	1
3850	0
3851	1
3852	2
3853	1
3854	2
3855	0
3856	2
3857	0
3858	1
3859	0
3860	0
3861	1
3862	3
3863	1
3864	3
3865	2
3866	1
3867	0
3868	2
3869	0
3870	0
3871	0
3872	3
3873	0
3874	0
3875	0
3876	1
3877	1
3878	0
3879	2
3880	3
3881	1
3882	1
3883	1
3884	0
3885	2
3886	3
3887	0
3888	0
3889	2
3890	0
3891	0
3892	0
3893	3
3894	0
3895	1
3896	0
3897	0
3898	1
3899	0
3900	0
3901	1
3902	0
3903	1
3904	1
3905	2
3906	0
3907	0
3908	1
3909	0
3910	0
3911	1
3912	0
3913	1
3914	0
3915	0
3916	1
3917	1
3918	0
3919	2
3920	0
3921	0
3922	0
3923	3
3924	0
3925	1
3926	1
3927	2
3928	0
3929	1
3930	0
3931	1
3932	0
3933	0
3934	1
3935	0
3936	0
3937	2
3938	0
3939	0
3940	0
3941	0
3942	0
3943	0
3944	0
3945	1
3946	1
3947	1
3948	0
3949	0
3950	0
3951	0
3952	2
3953	1
3954	0
3955	1
3956	0
3957	1
3958	0
3959	0
3960	0
3961	0
3962	0
3963	0
3964	1
3965	2
3966	6
3967	1
3968	1
3969	0
3970	3
3971	0
3972	0
3973	0
3974	0
3975	0
3976	0
3977	0
3978	0
3979	1
3980	0
3981	1
3982	0
3983	1
3984	0
3985	0
3986	31
3987	0
3988	1
3989	0
3990	0
3991	1
3992	0
3993	0
3994	1
3995	1
3996	0
3997	0
3998	0
3999	0
4000	0
4001	0
4002	2
4003	0
4004	0
4005	0
4006	0
4007	1
4008	0
4009	0
4010	0
4011	0
4012	2
4013	0
4014	1
4015	0
4016	0
4017	0
4018	0
4019	2
4020	1
4021	0
4022	0
4023	0
4024	1
4025	1
4026	1
4027	2
4028	1
4029	0
4030	2
4031	3
4032	1
4033	3
4034	3
4035	1
4036	2
4037	1
4038	5
4039	3
4040	1
4041	6023
4042	10518
4043	10439
4044	10585
4045	10205
4046	10113
4047	10210
4048	10300
4049	7128
4050	8
4051	5
4052	2
4053	3
4054	6
4055	7
4056	4
4057	2
4058	5
4059	7
4060	13
4061	9
4062	5
4063	8
4064	6
4065	2
4066	8
4067	8
4068	10
4069	19
4070	21
4071	15
4072	10
4073	16
4074	15
4075	19
4076	15
4077	16
4078	98
4079	298
4080	154
4081	192
4082	225
4083	0
4084	1
4085	2
4086	2
4087	1
4088	0
4089	2
4090	0
4091	1
4092	0
4093	0
4094	4
4095	0
4096	1
4097	2
4098	0
4099	1
4100	1
4101	0
4102	0
4103	0
4104	2
4105	3
4106	2
4107	2
4108	0
4109	0
4110	0
4111	2
4112	0
4113	1
4114	0
4115	3
4116	2
4117	1
4118	0
4119	2
4120	1
4121	2
4122	0
4123	2
4124	0
4125	1
4126	0
4127	1
4128	1
4129	1
4130	2
4131	2
4132	2
4133	1
4134	1
4135	1
4136	1
4137	1
4138	2
4139	1
4140	0
4141	0
4142	0
4143	2
4144	2
4145	0
4146	0
4147	3
4148	0
4149	1
4150	1
4151	2
4152	4
4153	1
4154	2
4155	4
4156	4
4157	0
4158	3
4159	2
4160	5
4161	3
4162	2
4163	1
4164	2
4165	3
4166	2
4167	2
4168	1
4169	3
4170	2
4171	3
4172	1
4173	3
4174	3
4175	5
4176	3
4177	2
4178	1
4179	2
4180	6
4181	2
4182	4
4183	3
4184	4
4185	5
4186	6
4187	6
4188	9
4189	5
4190	7
4191	10
4192	7
4193	8
4194	9
4195	8
4196	4
4197	14
4198	4
4199	6
4200	7
4201	11
4202	11
4203	5
4204	5
4205	7
4206	105
4207	7
4208	5
4209	3
4210	6
4211	26004
4212	79511
4213	80250
4214	79830
4215	79963
4216	79764
4217	78954
4218	79251
4219	78908
4220	78501
4221	74146
4222	68605
4223	61163
4224	61010
4225	53589
4226	62657
4227	74880
4228	81458
4229	84448
4230	84675
4231	81884
4232	81962
4233	78543
4234	74355
4235	68995
4236	57205
4237	58069
4238	57542
4239	57527
4240	59507
4241	57895
4242	58368
4243	59206
4244	58593
4245	52053
4246	62916
4247	67417
4248	69039
4249	65049
4250	64082
4251	65596
4252	64676
4253	64587
4254	65374
4255	64809
4256	65313
4257	63914
4258	63589
4259	64651
4260	64364
4261	64124
4262	65134
4263	63566
4264	64950
4265	65262
4266	64278
4267	65569
4268	64460
4269	64993
4270	65614
4271	64502
4272	65050
4273	64580
4274	64676
4275	65177
4276	65702
4277	64820
4278	65518
4279	64196
4280	64570
4281	64277
4282	63773
4283	64353
4284	64817
4285	64190
4286	10808
4287	91
4288	81
4289	89
4290	83
4291	78
4292	81
4293	93
4294	64
4295	67
4296	69
4297	60
4298	75
4299	66
4300	55
4301	65
4302	63
4303	53
4304	48
4305	56
4306	52
4307	56
4308	57
4309	64
4310	50
4311	58
4312	50
4313	53
4314	56
4315	46
4316	55
4317	57
4318	51
4319	54
4320	45
4321	44
4322	57
4323	51
4324	46
4325	51
4326	41
4327	47
4328	56
4329	50
4330	38
4331	37
4332	41
4333	48
4334	54
4335	46
4336	56
4337	46
4338	40
4339	48
4340	45
4341	37
4342	31
4343	52
4344	43
4345	46
4346	48
4347	32
4348	41
4349	36
4350	45105
4351	71294
4352	68738
4353	70166
4354	71762
4355	15087
4356	70255
4357	69745
4358	69984
4359	71329
4360	70704
4361	69980
4362	71874
4363	70219
4364	71514
4365	71861
4366	70977
4367	72246
4368	71645
4369	71265
4370	73179
4371	72080
4372	72905
4373	75403
4374	74771
4375	76924
4376	76389
4377	73190
4378	69488
4379	62118
4380	92202
4381	86260
4382	78234
4383	81306
4384	91207
4385	91321
4386	97448
4387	94662
4388	94174
4389	91140
4390	87929
4391	88144
4392	87991
4393	87434
4394	87982
4395	88174
4396	86536
4397	87933
4398	88783
4399	87360
4400	89214
4401	86331
4402	87279
4403	88558
4404	87391
4405	88534
4406	87473
4407	87477
4408	89439
4409	87451
4410	89098
4411	90720
4412	88539
4413	90531
4414	88620
4415	87808
4416	88369
4417	88244
4418	88279
4419	89517
4420	87301
4421	88255
4422	89244
4423	87221
4424	89668
4425	88543
4426	86739
4427	89094
4428	88850
4429	89290
4430	90053
4431	89262
4432	96898
4433	97200
4434	97012
4435	99330
4436	94960
4437	96658
4438	46997
4439	182
4440	183
4441	158
4442	183
4443	139
4444	136
4445	131
4446	118
4447	132
4448	117
4449	122
4450	131
4451	130
4452	128
4453	111
4454	92
4455	100
4456	110
4457	107
4458	118
4459	96
4460	96
4461	96
4462	101
4463	92
4464	87
4465	101
4466	90
4467	85
4468	92
4469	98
4470	96
4471	74
4472	75
4473	79
4474	85
4475	95
4476	81
4477	97
4478	85
4479	72
4480	75
4481	83
4482	89
4483	67
4484	79
4485	74
4486	78
4487	68
4488	78
4489	76
4490	73
4491	81
4492	68
4493	75
4494	73
4495	89
4496	86
4497	81
4498	71
4499	90
4500	80
4501	86
4502	84
4503	62
4504	81
4505	86
4506	70
4507	95968
4508	134272
4509	131385
4510	128469
4511	137338
4512	141866
4513	145680
4514	161261
4515	172884
4516	177184
4517	176382
4518	177358
4519	176072
4520	178652
4521	179005
4522	180647
4523	176606
4524	177099
4525	174263
4526	171472
4527	173422
4528	174563
4529	171938
4530	165263
4531	154926
4532	149913
4533	151506
4534	152409
4535	153979
4536	161695
4537	162458
4538	154804
4539	154013
4540	148265
4541	155317
4542	165931
4543	173205
4544	170873
4545	167570
4546	175517
4547	175858
4548	176395
4549	177968
4550	173942
4551	178364
4552	176769
4553	176511
4554	179581
4555	177581
4556	181327
4557	178878
4558	180282
4559	181409
4560	180633
4561	181044
4562	182595
4563	181516
4564	181888
4565	177994
4566	180146
4567	179994
4568	181808
4569	178371
4570	176322
4571	182357
4572	180610
4573	180720
4574	181369
4575	178795
4576	182512
4577	179545
4578	180694
4579	180722
4580	176655
4581	179731
4582	175168
4583	175071
4584	176342
4585	172057
4586	172639
4587	171886
4588	172210
4589	170784
4590	154884
4591	377
4592	1037
4593	1030
4594	291
4595	994
4596	1061
4597	274
4598	1028
4599	1040
4600	209
4601	1110
4602	1109
4603	187
4604	1161
4605	1153
4606	169
4607	1198
4608	172
4609	1151
4610	1091
4611	176
4612	1138
4613	1335
4614	185
4615	1225
4616	1122
4617	163
4618	1140
4619	1082
4620	253
4621	1216
4622	143
4623	1415
4624	39477
4625	105929
4626	113141
4627	115977
4628	113778
4629	111241
4630	114473
4631	114661
4632	112387
4633	111623
4634	108792
4635	109727
4636	109949
4637	110588
4638	111185
4639	108500
4640	107901
4641	109087
4642	109797
4643	107204
4644	106600
4645	106898
4646	106988
4647	105301
4648	109479
4649	104451
4650	103265
4651	104845
4652	103918
4653	101309
4654	99982
4655	99527
4656	97853
4657	97291
4658	96627
4659	95828
4660	96025
4661	95269
4662	96213
4663	94566
4664	92568
4665	93807
4666	92935
4667	93845
4668	93741
4669	92955
4670	94449
4671	94542
4672	94744
4673	96698
4674	96106
4675	99989
4676	101310
4677	97828
4678	95540
4679	95168
4680	93126
4681	88825
4682	84590
4683	82178
4684	83274
4685	82907
4686	84147
4687	84864
4688	83423
4689	85938
4690	85856
4691	85955
4692	85711
4693	84577
4694	83383
4695	83595
4696	84007
4697	83969
4698	83577
4699	83126
4700	84476
4701	83394
4702	82326
4703	82965
4704	82752
4705	83346
4706	82051
4707	82036
4708	82327
4709	83126
4710	83251
4711	82377
4712	81745
4713	80903
4714	82430
4715	82098
4716	82829
4717	83724
4718	81695
4719	82064
4720	83185
4721	82823
4722	83209
4723	81818
4724	83066
4725	83395
4726	82766
4727	82996
4728	83981
4729	82129
4730	84610
4731	84921
4732	88266
4733	87136
4734	87505
4735	87922
4736	87475
4737	85813
4738	86035
4739	86234
4740	85073
4741	85769
4742	84922
4743	85854
4744	87105
4745	86308
4746	86868
4747	85123
4748	83381
4749	84410
4750	84207
4751	84135
4752	84758
4753	84400
4754	84843
4755	84155
4756	83746
4757	83204
4758	79725
4759	79886
4760	82075
4761	80053
4762	80739
4763	80388
4764	79548
4765	77459
4766	77080
4767	75918
4768	76345
4769	76209
4770	75520
4771	76838
4772	75899
4773	76710
4774	76235
4775	74302
4776	75343
4777	75001
4778	74650
4779	76380
4780	75752
4781	76711
4782	76775
4783	76647
4784	76757
4785	76161
4786	74576
4787	74738
4788	80038
4789	81545
4790	82191
4791	80882
4792	80196
4793	81379
4794	79959
4795	79528
4796	80966
4797	81069
4798	82315
4799	81400
4800	82334
4801	78414
4802	76867
4803	83168
4804	81849
4805	81146
4806	83118
4807	81075
4808	80806
4809	82214
4810	81502
4811	82769
4812	83335
4813	82442
4814	84111
4815	85832
4816	80120
4817	78497
4818	31742
4819	262
4820	225
4821	241
4822	230
4823	91862
4824	113080
4825	113032
4826	112130
4827	112366
4828	114339
4829	113544
4830	115100
4831	114462
4832	110726
4833	96530
4834	84139
4835	106533
4836	112823
4837	105541
4838	117026
4839	124130
4840	123463
4841	121618
4842	115574
4843	121183
4844	116569
4845	118343
4846	122128
4847	122533
4848	113895
4849	117518
4850	117485
4851	116726
4852	116628
4853	118978
4854	118056
4855	117670
4856	115958
4857	101149
4858	4100
4859	116666
4860	116869
4861	116086
4862	117614
4863	117370
4864	116108
4865	117364
4866	115537
4867	115118
4868	116610
4869	115884
4870	116469
4871	115339
4872	115759
4873	116403
4874	117599
4875	115629
4876	115514
4877	119982
4878	120180
4879	122579
4880	122936
4881	117717
4882	117316
4883	116249
4884	117504
4885	116895
4886	114727
4887	117668
4888	117398
4889	115589
4890	116676
4891	115067
4892	115858
4893	117451
4894	116666
4895	117987
4896	117379
4897	117279
4898	117419
4899	117137
4900	116867
4901	114655
4902	114057
4903	114311
4904	113480
4905	112767
4906	113931
4907	111995
4908	112393
4909	112950
4910	110598
4911	110940
4912	112461
4913	111478
4914	111953
4915	110489
4916	111162
4917	112394
4918	110728
4919	111141
4920	110562
4921	108303
4922	109250
4923	112860
4924	111975
4925	115260
4926	115164
4927	117444
4928	117111
4929	116601
4930	116495
4931	115929
4932	117934
4933	118439
4934	116907
4935	117058
4936	115210
4937	114050
4938	112110
4939	121095
4940	117006
4941	113503
4942	114590
4943	117050
4944	118112
4945	116471
4946	116500
4947	118522
4948	113417
4949	112382
4950	113354
4951	113328
4952	114216
4953	114003
4954	113016
4955	112255
4956	111075
4957	110588
4958	108807
4959	107973
4960	107176
4961	107841
4962	102315
4963	99543
4964	97571
4965	95972
4966	99609
4967	104078
4968	107068
4969	106094
4970	105356
4971	109273
4972	112339
4973	110728
4974	109877
4975	108092
4976	113119
4977	109552
4978	108354
4979	109609
4980	106329
4981	109057
4982	108203
4983	106424
4984	106935
4985	105132
4986	106467
4987	106734
4988	105461
4989	104974
4990	104283
4991	104180
4992	103829
4993	104054
4994	103630
4995	103967
4996	105348
4997	103940
4998	105953
4999	104767
5000	102708
5001	103831
5002	102720
5003	104380
5004	104898
5005	102769
5006	104915
5007	104824
5008	103122
5009	103322
5010	100046
5011	101060
5012	58274
5013	420
5014	106973
5015	105172
5016	107549
5017	106066
5018	106497
5019	106360
5020	106442
5021	107234
5022	106163
5023	106306
5024	105451
5025	104295
5026	105947
5027	106362
5028	107376
5029	105552
5030	104559
5031	103833
5032	104098
5033	105114
5034	103212
5035	102708
5036	104368
5037	103914
5038	103731
5039	102750
5040	102737
5041	102011
5042	102803
5043	101575
5044	100875
5045	100050
5046	100705
5047	99420
5048	98689
5049	99528
5050	101887
5051	101892
5052	101101
5053	101816
5054	99902
5055	101354
5056	99935
5057	100893
5058	99200
5059	97028
5060	99470
5061	99127
5062	98612
5063	99300
5064	96714
5065	98899
5066	99073
5067	99791
5068	97843
5069	97766
5070	98081
5071	99291
5072	99621
5073	99956
5074	99481
5075	99787
5076	100004
5077	98671
5078	100267
5079	99185
5080	100214
5081	100288
5082	99998
5083	98613
5084	98484
5085	100705
5086	100313
5087	100541
5088	100876
5089	100339
5090	102395
5091	100674
5092	100226
5093	100573
5094	98144
5095	98752
5096	99128
5097	98526
5098	99980
5099	97530
5100	98390
5101	97836
5102	97670
5103	96848
5104	93866
5105	94439
5106	93280
5107	92039
5108	91830
5109	90795
5110	89993
5111	90404
5112	89725
5113	90943
5114	88148
5115	90269
5116	90947
5117	91084
5118	91068
5119	89323
5120	89109
5121	89057
5122	89553
5123	89478
5124	88258
5125	86669
5126	86035
5127	85709
5128	86110
5129	86299
5130	88061
5131	87875
5132	87491
5133	88353
5134	88327
5135	88577
5136	88644
5137	91835
5138	88482
5139	86947
5140	84952
5141	39800
5142	302
5143	251
5144	66479
5145	83824
5146	91833
5147	94915
5148	95532
5149	99536
5150	99208
5151	98913
5152	99008
5153	97556
5154	97226
5155	98079
5156	97035
5157	96612
5158	96851
5159	96990
5160	96156
5161	96513
5162	96833
5163	95742
5164	96004
5165	95646
5166	96628
5167	96456
5168	95635
5169	97287
5170	97962
5171	91195
5172	284
5173	1356
5174	1400
5175	250
5176	1559
5177	1395
5178	271
5179	1636
5180	1520
5181	244
5182	1379
5183	560
5184	1033
5185	41069
5186	94056
5187	94428
5188	93001
5189	93733
5190	94605
5191	94197
5192	93574
5193	94147
5194	93072
5195	94549
5196	93723
5197	93475
5198	91860
5199	93272
5200	93573
5201	93882
5202	93876
5203	93564
5204	94368
5205	94638
5206	94873
5207	94853
5208	93631
5209	95603
5210	95914
5211	95613
5212	96752
5213	95352
5214	96272
5215	96034
5216	94539
5217	94675
5218	95498
5219	95940
5220	94807
5221	104055
5222	115451
5223	116055
5224	117830
5225	117380
5226	117286
5227	117205
5228	116849
5229	118508
5230	109232
5231	110987
5232	115287
5233	128334
5234	153309
5235	169634
5236	170944
5237	153547
5238	158671
5239	159930
5240	158457
5241	156385
5242	148949
5243	151875
5244	152728
5245	157559
5246	155050
5247	153221
5248	154880
5249	157400
5250	152569
5251	153061
5252	153805
5253	160666
5254	160031
5255	159415
5256	159275
5257	158505
5258	159556
5259	159103
5260	163247
5261	161523
5262	160952
5263	165961
5264	164561
5265	164842
5266	165822
5267	161722
5268	166548
5269	165043
5270	167524
5271	167508
5272	167468
5273	167111
5274	167555
5275	166240
5276	168266
5277	167214
5278	168599
5279	168596
5280	167512
5281	166472
5282	164562
5283	165455
5284	165485
5285	165426
5286	167780
5287	167063
5288	168861
5289	168657
5290	167517
5291	166270
5292	165811
5293	167676
5294	166110
5295	167541
5296	167901
5297	166815
5298	167273
5299	168565
5300	167842
5301	169749
5302	162637
5303	165334
5304	172866
5305	175113
5306	172344
5307	167935
5308	170337
5309	168843
5310	169448
5311	169903
5312	168898
5313	168387
5314	168795
5315	169080
5316	169671
5317	169032
5318	171837
5319	171438
5320	173125
5321	170468
5322	171553
5323	173635
5324	172956
5325	175393
5326	171346
5327	174069
5328	175254
5329	175202
5330	174008
5331	171509
5332	171763
5333	176260
5334	178731
5335	178534
5336	178238
5337	179949
5338	178342
5339	177826
5340	179601
5341	178357
5342	179362
5343	177917
5344	178435
5345	177707
5346	176335
5347	178673
5348	178881
5349	154436
5350	148982
5351	146750
5352	147249
5353	150310
5354	149167
5355	150898
5356	147698
5357	149991
5358	150126
5359	151335
5360	149723
5361	148549
5362	152316
5363	152523
5364	153434
5365	151825
5366	151660
5367	151779
5368	154189
5369	154783
5370	154001
5371	151469
5372	154526
5373	155240
5374	153173
5375	155460
5376	153813
5377	155695
5378	155542
5379	155606
5380	155920
5381	155635
5382	155813
5383	157373
5384	155739
5385	158275
5386	155620
5387	158739
5388	159528
5389	159308
5390	158679
5391	155299
5392	157183
5393	157585
5394	158249
5395	157451
5396	157719
5397	159112
5398	157119
5399	158660
5400	156525
5401	155793
5402	156523
5403	155881
5404	156620
5405	158319
5406	155171
5407	157397
5408	156799
5409	157353
5410	155001
5411	153373
5412	156527
5413	157465
5414	157245
5415	157295
5416	154557
5417	156104
5418	157365
5419	155798
5420	155642
5421	155215
5422	156511
5423	156086
5424	155065
5425	152738
5426	157111
5427	155453
5428	156031
5429	154794
5430	153758
5431	154215
5432	154249
5433	154875
5434	157035
5435	153418
5436	156553
5437	155408
5438	156335
5439	156446
5440	153393
5441	155563
5442	156052
5443	154925
5444	155810
5445	154523
5446	156675
5447	157525
5448	158426
5449	160124
5450	158923
5451	160681
5452	160564
5453	161470
5454	163335
5455	162743
5456	165056
5457	167343
5458	170566
5459	171603
5460	172455
5461	173049
5462	174153
5463	175195
5464	175497
5465	174807
5466	177147
5467	176734
5468	175437
5469	174210
5470	168439
5471	168008
5472	168396
5473	164911
5474	164692
5475	160381
5476	161242
5477	160426
5478	158941
5479	156428
5480	154436
5481	154774
5482	151974
5483	149840
5484	58903
5485	436
5486	467
5487	399
5488	376
5489	370
5490	349
5491	337
5492	346
5493	331
5494	320
5495	300
5496	294
5497	295
5498	297
5499	316
5500	331
5501	289
5502	304
5503	294
5504	276
5505	297
5506	295
5507	274
5508	288
5509	264
5510	290
5511	279
5512	280
5513	266
5514	259
5515	253
5516	263
5517	230
5518	266
5519	268
5520	265
5521	245
5522	248
5523	245
5524	230
5525	236
5526	239
5527	231
5528	243
5529	246
5530	100
