2.760406538066560403e+06 7.006531397428442724e+05
3.853331337629188783e+06 8.959176552870646119e+05
2.628305934589158278e+06 5.643410440182578750e+05
1.587949699560145149e+06 3.193846191798832733e+05
9.106577982573637273e+05 1.752251504341403488e+05
5.073931236044623656e+05 9.593578534039040096e+04
2.776250398710060399e+05 5.310036099293385632e+04
1.500469932198762835e+05 2.981809536780745839e+04
8.038579631530542974e+04 1.694954796684261237e+04
4.278672516092089063e+04 9.708029368572140811e+03
2.266205921344791932e+04 5.577190189487471798e+03
1.195747004280295550e+04 3.202676367131442021e+03
6.290582248063688894e+03 1.834305210730160979e+03
3.301636867750819874e+03 1.046584432531697530e+03
1.729692015131371591e+03 5.945670982637316229e+02
9.048550216446063814e+02 3.362906138560400677e+02
4.730859615059663952e+02 1.894364060381522563e+02
3.848238480236196892e+02 3.349404697943322162e+02
2.111009212106746782e+04 1.655824732831919027e+04
4.783091768626195262e+05 5.563586807803140255e+04
3.052488642727617407e+05 5.029787216649937909e+04
7.860496811834553228e+03 8.159633578987082728e+03
4.806256692673265718e+01 1.057024482377197927e+02
5.012697358527350211e+00 3.132392188494541152e+00
2.582678987074959576e+00 1.710978332114120537e+00
1.346174303263968142e+00 9.409842980626819120e-01
7.018173778054186407e-01 5.168557589135440722e-01
3.659802697465548982e-01 2.835887902410236250e-01
1.909073152323308153e-01 1.554597270302864043e-01
9.961781687747971181e-02 8.515794307007386321e-02
