2.746792526452970691e+06 6.066815112791913562e+05
3.883192906553507317e+06 9.821610202695052139e+05
2.682249077574486379e+06 7.629317162685296498e+05
1.640954052632663632e+06 5.174677128901744727e+05
9.528213831193614751e+05 3.292942175532502588e+05
5.374659208022522507e+05 2.016307634656365262e+05
2.976878545081140473e+05 1.202537150784273981e+05
1.628410449232566752e+05 7.034534787215321558e+04
8.828345313768422056e+04 4.054030921276460867e+04
4.754365877118494973e+04 2.308667044488104148e+04
2.547282217402000242e+04 1.301955753601796459e+04
1.359289077696835921e+04 7.282683806584091144e+03
7.230174178048999238e+03 4.045617859357205816e+03
3.835772719492637407e+03 2.234087183084066055e+03
2.030616212016946974e+03 1.227376153681754204e+03
1.073082075162298679e+03 6.712676176632733132e+02
5.663118680054981269e+02 3.657459789088652542e+02
4.859117326078626888e+02 3.859405205641241423e+02
3.126490953632444507e+04 2.897094172634755159e+04
4.998604398996822420e+05 1.545310594074723194e+05
3.360661719955323497e+05 1.508392977896470111e+05
1.255018807787001424e+04 1.219779340934941501e+04
5.474096791654924488e+01 5.173982472840258851e+01
6.291089780260489484e+00 4.808919485090863866e+00
3.293710839428564796e+00 2.561846460659245039e+00
1.726505172792865750e+00 1.365436059302993943e+00
9.046786146583724042e-01 7.266841988195028579e-01
4.738934258157592727e-01 3.862126205083442065e-01
2.481649591762614127e-01 2.050023388767383548e-01
1.299227252190770510e-01 1.086884819917449396e-01
