5.758279098633861868e+05 8.416482022053585388e+04
1.432840913923962973e+06 2.723521488899339456e+05
1.741863492133930791e+06 4.062827350823590532e+05
1.752361892890990013e+06 4.827993522485920694e+05
1.613192794769651955e+06 5.109656898866023403e+05
1.410852872790482594e+06 5.034023720595752820e+05
1.193656217808349524e+06 4.722121002911836840e+05
9.869164884687080048e+05 4.273679925327503588e+05
8.024012602106436389e+05 3.763498547421653057e+05
6.441564431269610068e+05 3.243532551907640882e+05
5.120438169568295125e+05 2.747112685882145306e+05
4.038484907288636896e+05 2.293484664232519572e+05
3.165005561105728266e+05 1.891862460769120371e+05
2.467548418386588455e+05 1.544713867586757988e+05
1.915446358185955614e+05 1.250259045770198281e+05
1.481437330357194878e+05 1.004277669321125722e+05
1.142195271863047237e+05 8.013575420770868368e+04
8.782734054082736839e+04 6.357167009256882011e+04
6.737585606548163923e+04 5.017137496688922693e+04
5.158092887602512201e+04 3.941389313013397623e+04
3.941735890339921752e+04 3.083568198323316756e+04
3.007358120731828240e+04 2.403528524448577082e+04
2.291151580973339514e+04 1.867209036052009833e+04
1.743228863194346923e+04 1.446176528676135422e+04
1.324778764622703420e+04 1.117017365092009095e+04
1.005812176896760320e+04 8.607458899428662335e+03
7.637354170473312479e+03 6.626020915361486914e+03
5.838599354478773421e+03 5.134557682449357344e+03
4.649871333729550315e+03 4.160403812960044888e+03
4.350190812368974548e+03 4.010273184419348581e+03
5.758388035336938628e+03 5.519962367541724234e+03
1.035301436799035764e+04 1.011423330283677387e+04
2.001831264481827384e+04 1.881960072712702822e+04
3.710948564060253557e+04 2.897195192461337138e+04
6.322164783563031233e+04 3.229402978557233291e+04
8.819880415607117175e+04 2.712892426080962468e+04
8.898893910328621860e+04 2.670101248554959602e+04
6.451909270377065695e+04 3.172389176432621025e+04
3.764224240222787193e+04 2.872543052444605564e+04
1.960448234264982602e+04 1.834771862006841548e+04
9.062345999035420391e+03 8.966257306837193028e+03
3.579274291428760989e+03 3.571933825371540479e+03
1.204774050309579934e+03 1.201982842944488084e+03
3.626842889697957730e+02 3.608119043837603499e+02
1.132869217503756545e+02 1.120025347640361133e+02
4.722151145042763432e+01 4.634061686094594990e+01
2.809034575375186549e+01 2.748647733514988190e+01
2.017205131535346396e+01 1.975828140668769350e+01
3.642443512093563385e+01 3.614104668518621821e+01
7.441352797485144492e+02 7.439412716365184224e+02
1.098338105812174945e+04 1.098324635068700627e+04
7.280019728330393264e+04 7.268435005287358945e+04
2.436039395804366795e+05 1.832021359058460803e+05
4.152352080138633610e+05 1.390942519124552491e+05
1.648911533560233947e+05 1.538302629358911945e+05
4.056558129947861744e+04 4.056167976843934593e+04
4.571887832261838412e+03 4.571874291356214599e+03
2.290589766122450897e+02 2.290497412578747571e+02
5.838257466662441608e+00 5.831955000255603316e+00
6.493413188067389541e-01 6.450415991081728251e-01
4.481083045589780989e-01 4.451757464064374226e-01
3.341970721944483858e-01 3.321975139997751514e-01
2.493004470952528973e-01 2.479374145102882787e-01
1.859268555570197656e-01 1.849979600393552581e-01
1.386315161914228322e-01 1.379986390248672534e-01
1.033439773107871357e-01 1.029128880055267120e-01
7.702189572063963818e-02 7.672832447806637868e-02
5.739201439609448868e-02 5.719213811951937704e-02
4.275621834585812547e-02 4.262016370211448718e-02
3.184636742837029105e-02 3.175377560345823275e-02
2.371567469195874633e-02 2.365267452067450205e-02
1.765745609892423185e-02 1.761459896017515681e-02
1.314437332503975812e-02 1.311522461026979648e-02
9.783014601259628490e-03 9.763193271791679312e-03
7.279951528747201188e-03 7.266475388392856609e-03
5.416379507653182324e-03 5.407218994576874077e-03
4.029176405092779398e-03 4.022950569202378771e-03
2.996758895930419671e-03 2.992528304142890935e-03
2.228524042495009638e-03 2.225649742662892238e-03
1.656969314413413597e-03 1.655016808538341353e-03
