7.37361752e+03 5.52834146e+02
2.50005004e+04 2.40517034e+03
8.96741717e+03 8.24006123e+02
1.09721573e+04 1.00879258e+03
1.01070966e+04 9.18363034e+02
8.80383411e+03 7.67359113e+02
1.27272045e+04 9.88080207e+02
8.93194870e+03 6.90813541e+02
9.76377917e+03 7.38224967e+02
9.07428841e+03 4.64360850e+02
9.99361126e+03 8.13098370e+02
6.64710108e+03 3.19587811e+02
7.05564432e+03 4.70236701e+02
1.18919315e+04 5.55187252e+02
1.08803807e+04 1.56248145e+03
1.42396216e+04 7.88075281e+02
1.91311282e+04 1.21546707e+03
1.61461022e+04 2.25009254e+03
1.94248984e+04 1.61267483e+03
1.32148033e+04 9.29051504e+02
1.37584083e+04 7.73562702e+02
1.23297601e+04 1.07292074e+03
1.24229211e+04 9.40420464e+02
1.22792096e+04 9.20184389e+02
1.48710250e+04 1.88540369e+03
2.63584878e+04 1.36427018e+03
1.38805874e+04 1.35332427e+03
1.60759502e+04 1.01716335e+03
1.40696470e+04 9.07035019e+02
1.47508238e+04 7.73179204e+02
1.51471663e+04 1.67636547e+03
1.53582388e+04 1.17712034e+03
1.62694451e+04 1.18271124e+03
1.70311226e+04 1.38028780e+03
2.00213865e+04 1.24194327e+03
2.72314259e+04 3.07201903e+03
8.59174272e+03 8.51715698e+02
1.25300667e+04 1.04881683e+03
4.82022603e+03 6.41071119e+02
2.62982309e+03 3.08320625e+02
9.47506812e+03 8.58100829e+02
9.82302175e+03 1.05423400e+03
1.26172195e+04 1.45730373e+03
1.70334090e+04 2.56213883e+03
2.79083595e+04 3.12788883e+03
3.39916460e+04 4.24401604e+03
2.07133994e+04 4.00013903e+03
1.80095202e+04 1.05015159e+03
1.42529052e+04 1.98367140e+03
3.92908270e+04 7.49533534e+03
3.23624505e+04 6.21817473e+03
1.68385397e+04 2.64950466e+03
1.34537968e+04 1.59085395e+03
6.24876029e+03 5.48454904e+02
8.31276071e+03 9.68254300e+02
1.99967288e+04 3.51863730e+03
1.11494745e+04 1.87412525e+03
9.53034741e+03 1.21672895e+03
1.93492398e+04 3.63115714e+03
1.65373334e+04 1.50701044e+03
4.02140381e+04 2.78344261e+03
3.94933088e+04 3.71422948e+03
3.87846004e+04 7.18045034e+03
2.05219298e+04 4.42771277e+03
6.18264267e+04 8.28138319e+03
3.61400246e+04 4.00814151e+03
4.83137097e+04 4.96059261e+03
2.92111828e+04 2.61313012e+03
2.01147718e+04 1.98985784e+03
7.39995747e+04 7.22436599e+03
6.54799930e+04 3.96861157e+03
3.03398747e+04 3.26271815e+03
3.62935548e+04 2.63713010e+03
3.91032809e+04 3.61692102e+03
5.34022967e+04 3.98614204e+03
4.25522262e+04 4.00618738e+03
3.40531643e+04 2.43835162e+03
4.47338169e+04 2.85004697e+03
5.00126322e+04 4.23958794e+03
4.73638450e+04 5.16231084e+03
6.37631982e+04 5.24782940e+03
6.18300402e+04 5.05869046e+03
4.96488388e+04 3.67978292e+03
6.68471398e+04 8.83293202e+03
6.79235135e+04 4.79293419e+03
6.71127294e+04 5.07120599e+03
7.10586056e+04 5.47021736e+03
1.62248628e+05 3.78896727e+04
7.44806735e+04 6.80967763e+04
4.51315183e+04 3.72502121e+03
1.15630660e+04 9.90191479e+02
5.78474899e+03 5.07763828e+02
2.31459876e+04 3.74898290e+03
2.14116888e+05 2.95969114e+04
2.35242982e+05 1.77554377e+04
1.29491778e+05 1.21978854e+04
1.28771446e+05 1.24330510e+04
2.56563651e+05 1.46988212e+04
3.03251139e+05 1.80271170e+04
1.53877952e+05 1.10247945e+04
1.65681879e+05 8.88068250e+03
1.76252028e+05 6.18406862e+03
1.91561249e+05 1.10544661e+04
2.10334393e+05 1.64086989e+04
2.32880668e+05 1.32492652e+04
2.49826957e+05 1.71122855e+04
2.48766034e+05 1.83219147e+04
2.50522846e+05 1.91083006e+04
2.61271004e+05 1.88026022e+04
2.59219393e+05 1.89900350e+04
2.70375255e+05 2.28914127e+04
3.25072121e+05 2.27946476e+04
2.35576238e+05 1.75064941e+04
6.13216559e+05 4.10972705e+04
2.85148423e+05 2.16516542e+04
3.32543294e+05 2.54943772e+04
3.57429540e+05 3.06192483e+04
3.05412690e+05 2.37419137e+04
3.49740942e+05 3.37476760e+04
3.67590015e+05 2.42749052e+04
3.01307954e+05 2.37144054e+04
3.10930418e+05 2.69193349e+04
3.52974852e+05 2.97423536e+04
3.25950095e+05 2.58406617e+04
2.96135454e+05 2.32922064e+04
3.06805827e+05 2.12682223e+04
2.94403392e+05 2.47536323e+04
3.09913804e+05 2.55143955e+04
2.10718658e+05 1.81590727e+04
1.03316384e+05 8.76556280e+03
5.16556688e+04 4.06105656e+03
5.16537079e+04 3.99056051e+03
1.88750398e+05 1.36619577e+04
2.61023476e+05 2.02431841e+04
2.82104343e+05 2.53496065e+04
2.61657984e+05 2.13816520e+04
2.37300715e+05 1.69492553e+04
2.42374067e+05 1.72186324e+04
2.09075612e+05 1.56778311e+04
3.59823527e+05 1.86611774e+04
2.62921465e+05 2.95477984e+04
1.54972356e+05 5.77659454e+04
5.74974760e+04 3.32758271e+04
4.46649678e+04 3.61539632e+04
3.32522912e+04 3.17205673e+04
3.18517661e+04 3.00610428e+04
3.29074841e+04 2.63260614e+04
3.62571118e+04 2.33570311e+04
4.07794745e+04 1.83357442e+04
3.03400809e+04 9.35967569e+03
1.52995440e+04 4.37537743e+03
5.60531369e+04 8.66766601e+03
6.11346097e+04 6.93624998e+03
6.45450191e+04 6.22595954e+03
7.05886823e+04 6.54947352e+03
7.60906229e+04 9.66021725e+03
7.49991996e+04 9.06476102e+03
7.07783402e+04 1.08416457e+04
7.99705073e+04 1.14607894e+04
7.15291110e+04 1.41173726e+04
4.36313393e+04 9.15423249e+03
1.29822103e+04 1.57009589e+03
1.05762418e+04 3.17333959e+03
7.18208417e+03 1.52434253e+03
9.85596585e+03 1.82660526e+03
2.31975622e+05 1.71186529e+04
1.67014902e+05 2.12346417e+04
1.11631628e+05 2.16900278e+04
1.99238802e+04 6.61054025e+03
1.00000000e-10 1.00000000e-10
1.00000000e-10 1.00000000e-10
1.00000000e-10 1.00000000e-10
1.00000000e-10 1.00000000e-10
1.00000000e-10 1.00000000e-10
1.00000000e-10 1.00000000e-10