4.510167062175414758e+05 4.810395676713431021e+04
1.325396533134092810e+06 1.877833269363667350e+05
1.579670008517141454e+06 2.785809049817132764e+05
1.527603150187366642e+06 3.217050814438532107e+05
1.342933666868564207e+06 3.281141858129706234e+05
1.117963379525503842e+06 3.102092027777342591e+05
8.985532845565706957e+05 2.785334354496179149e+05
7.047936288037543418e+05 2.408800772362987045e+05
5.430382512607164681e+05 2.024470404035251122e+05
4.127777699076672434e+05 1.663588711915497552e+05
3.104617509250242729e+05 1.342397358962923172e+05
2.315425947835361003e+05 1.067093003383605974e+05
1.715022819620705850e+05 8.376503253754074103e+04
1.263123010063905094e+05 6.505528939236415317e+04
9.258951433057247777e+04 5.006257205487124156e+04
6.759847284049785230e+04 3.821910439972534368e+04
4.918422786814006395e+04 2.897449017036323494e+04
3.568087653654000314e+04 2.183117179855319409e+04
2.581898348257939142e+04 1.635952559054238009e+04
1.864480439795103302e+04 1.220321980642244671e+04
1.347582724988903465e+04 9.101097141946915144e+03
1.000138867701779600e+04 7.037544365123605530e+03
8.812252613268572532e+03 6.807198122482033796e+03
1.238495446470307252e+04 1.092743096234585209e+04
2.544313207375198544e+04 2.194614286795246881e+04
5.462053879716493248e+04 3.195524972884151794e+04
9.292223343911496340e+04 2.691570018000244454e+04
9.433813531644850445e+04 2.599178429381412570e+04
5.578984793338012241e+04 3.096025969712964434e+04
2.406849252409213295e+04 2.083222801272752622e+04
8.536019004153940841e+03 8.316584721071643798e+03
2.421408464885690591e+03 2.364445933441739726e+03
6.260931339006297094e+02 5.895327122480434809e+02
2.211024273575941947e+02 1.967727590517076237e+02
1.255999619228594639e+02 1.094190514417108346e+02
9.552144425496766189e+01 8.476914095446721831e+01
5.982185570379474484e+02 5.908587006218588158e+02
1.112450072939435995e+04 1.088408944765505294e+04
9.229959359435355873e+04 6.865157209569701809e+04
3.236855610617662314e+05 1.008488764044800773e+05
2.999962890510793077e+05 1.027302113813916221e+05
7.689276704883111233e+04 6.048832370587896730e+04
8.495189005340569565e+03 8.366457436352931836e+03
3.769736322309456114e+02 3.764811941051395365e+02
9.753447496822817087e+00 9.490243479901065982e+00
2.766045010362632617e+00 2.592267736608380169e+00
1.932062097734368100e+00 1.817380847845992298e+00
1.365581436172609742e+00 1.289934875803920633e+00
9.649273485765674785e-01 9.150513315073980358e-01
6.816175918232332265e-01 6.487469551806019918e-01
4.813488892022613763e-01 4.596945109761689796e-01
3.398253788724659996e-01 3.255656387471480562e-01
2.398455951839327804e-01 2.304589062792147258e-01
1.692353399648136858e-01 1.630586697586275113e-01
1.193814518623191739e-01 1.153184831074762912e-01
8.419224863253929603e-02 8.152056386953335232e-02
5.936078715236878245e-02 5.760454301103515307e-02
4.184294050759296280e-02 4.068882969515492942e-02
2.948779835448710196e-02 2.872960875874715214e-02
2.077603192168419807e-02 2.027808813040486366e-02
