3.06234474e+04 2.17892481e+04
1.24500626e+05 5.77791679e+04
4.76073873e+04 1.77428737e+04
3.07542149e+04 1.21936914e+04
3.76485407e+04 1.60777759e+04
4.29760920e+04 1.89654416e+04
4.62300824e+04 2.97128147e+04
5.35818761e+04 3.07364779e+04
9.03885809e+04 4.12647789e+04
1.03055685e+05 5.72069650e+04
8.75290005e+04 5.25040216e+04
8.36204503e+04 5.16524932e+04
9.90790991e+04 6.44084954e+04
1.45466371e+05 9.15591085e+04
1.36075862e+05 7.93361748e+04
1.75693795e+05 3.35564719e+04
1.50651708e+05 3.05037579e+04
1.49495572e+05 3.02982942e+04
1.50648811e+05 3.39810457e+04
1.73821278e+05 3.49595058e+04
1.64717985e+05 3.37079214e+04
2.14124494e+05 3.73587405e+04
1.94490132e+05 4.19676743e+04
2.14493136e+05 3.86465732e+04
2.14491553e+05 4.01991354e+04
2.28468041e+05 4.29480386e+04
1.89634203e+05 3.45881390e+04
2.39713618e+05 4.05424374e+04
1.99430116e+05 3.74195516e+04
1.83941117e+05 3.49862334e+04
2.69890188e+05 4.20831019e+04
2.26923974e+05 3.72354916e+04
2.84039776e+05 4.51264778e+04
2.51741559e+05 4.14743420e+04
3.01247189e+05 4.59324269e+04
4.01145440e+05 5.48519778e+04
1.26871000e+05 1.88451864e+04
1.28436471e+05 1.85847099e+04
3.46665227e+04 5.44487572e+03
6.06942460e+04 9.55209175e+03
1.27557506e+05 1.81694201e+04
1.60512504e+05 2.37954279e+04
1.65599520e+05 2.36098674e+04
2.34280189e+05 3.15859271e+04
4.54861585e+05 5.65517522e+04
5.09188806e+05 6.04080767e+04
3.78126044e+05 4.86574586e+04
2.47509292e+05 3.30853877e+04
2.30020848e+05 2.58679288e+04
6.26369743e+05 6.68474478e+04
4.99071750e+05 5.66068780e+04
2.80474806e+05 3.00104840e+04
2.02111219e+05 2.07359438e+04
8.42439087e+04 7.29121743e+03
1.09880211e+05 8.60362051e+03
3.16799555e+05 2.44695113e+04
1.53220437e+05 1.25660751e+04
1.20278209e+05 1.23357817e+04
2.86895514e+05 2.77215677e+04
2.77869112e+05 2.44008222e+04
5.88095261e+05 5.11566648e+04
5.22650058e+05 4.31620505e+04
6.17525211e+05 4.83025235e+04
3.36022408e+05 2.42944201e+04
1.04329370e+06 7.53818963e+04
4.95653930e+05 3.22198999e+04
7.16492464e+05 4.41196593e+04
4.22219742e+05 2.35598616e+04
3.27244042e+05 1.98385238e+04
1.09337103e+06 6.28778598e+04
1.07453560e+06 5.96237341e+04
5.12948233e+05 2.72338426e+04
5.33391492e+05 2.53970280e+04
6.04742452e+05 2.83350912e+04
9.08154787e+05 3.99842897e+04
7.09089645e+05 3.18978932e+04
6.09305592e+05 2.79251691e+04
7.04424160e+05 2.93743744e+04
7.72667701e+05 3.13198746e+04
7.68446788e+05 3.29710494e+04
9.60460458e+05 3.79826273e+04
1.07414397e+06 4.01310431e+04
7.99623332e+05 3.05517888e+04
1.02103946e+06 3.70450190e+04
1.02332165e+06 3.64774388e+04
1.04008170e+06 3.64349719e+04
1.11493084e+06 3.75746416e+04
2.64689274e+06 8.35952208e+04
1.26612167e+06 3.83915775e+04
7.67464507e+05 2.36431870e+04
1.96470921e+05 6.07095147e+03
9.82354607e+04 3.03547574e+03
3.92941843e+05 1.21419029e+04
3.38874963e+06 9.34943981e+04
4.14843916e+06 1.09959876e+05
2.30687963e+06 5.83428191e+04
2.30272392e+06 5.54899103e+04
4.70539178e+06 1.08371217e+05
5.43853926e+06 1.18757291e+05
2.78369716e+06 5.73865106e+04
2.93183100e+06 6.05866929e+04
3.13445204e+06 6.08972202e+04
3.33927363e+06 6.28319532e+04
3.70871778e+06 7.05955870e+04
4.00600269e+06 7.20903453e+04
4.25825224e+06 7.39053388e+04
4.34235432e+06 7.44692819e+04
4.29636202e+06 7.27913614e+04
4.32179011e+06 7.16110216e+04
4.40291323e+06 6.96067517e+04
4.42834662e+06 6.98021903e+04
5.54545013e+06 8.66091085e+04
3.77484610e+06 5.88875992e+04
1.05488611e+07 1.57355598e+05
4.89150646e+06 7.17894121e+04
5.78970650e+06 8.38733241e+04
6.34863046e+06 9.01505525e+04
5.25220196e+06 7.37541985e+04
5.96798452e+06 8.32873994e+04
6.37845563e+06 8.97230089e+04
5.19580844e+06 7.28470868e+04
5.69347309e+06 7.74085003e+04
6.28838190e+06 8.32101542e+04
6.15720642e+06 8.10117136e+04
5.68530161e+06 7.32867975e+04
5.90481612e+06 7.89797411e+04
5.79184521e+06 7.65127268e+04
6.03957034e+06 7.82923860e+04
4.18527958e+06 5.39901066e+04
2.05471275e+06 2.65057944e+04
1.02735637e+06 1.32528972e+04
1.02735637e+06 1.32528972e+04
3.98160028e+06 4.88919492e+04
5.88337984e+06 7.13966049e+04
6.66823187e+06 8.11560222e+04
6.34187824e+06 7.73709145e+04
6.11742018e+06 7.18881539e+04
6.64354715e+06 7.57460452e+04
6.27993856e+06 6.92969285e+04
1.33936957e+07 1.48201773e+05
1.40837849e+07 1.45777050e+05
1.47511819e+07 1.45446563e+05
7.87195406e+06 7.35445126e+04
8.44617328e+06 7.83241598e+04
8.34572385e+06 8.11462794e+04
9.09729610e+06 8.67392319e+04
9.20547568e+06 8.76455758e+04
9.54376107e+06 9.14023717e+04
9.53737126e+06 9.17037727e+04
6.36525551e+06 6.23184626e+04
3.32143316e+06 3.22481903e+04
1.01715406e+07 9.95200339e+04
9.99343250e+06 9.95907431e+04
9.86698212e+06 1.02605293e+05
9.61211313e+06 1.03247013e+05
9.17277629e+06 1.01853381e+05
8.57444907e+06 1.02223204e+05
7.94537358e+06 9.92805086e+04
7.24494242e+06 9.79702389e+04
6.24736600e+06 9.18009533e+04
6.02782995e+06 9.87282185e+04
3.91037156e+06 7.44144798e+04
3.78484846e+06 7.81877554e+04
1.49025873e+06 3.45501121e+04
1.31406807e+06 3.29625401e+04
2.37898794e+06 6.69647113e+04
7.92882937e+05 2.52245137e+04
7.64235506e+05 2.88119846e+04
4.12382274e+05 1.81594639e+04
4.78133127e+05 2.48859023e+04
7.58278149e+05 4.07487621e+04
6.98976248e+05 3.91858397e+04
2.86455367e+05 1.75548257e+04
2.56450505e+05 1.64715544e+04
9.52807531e+05 7.75659052e+04
9.60451281e+04 1.02980749e+04
1.77219595e+05 2.20685732e+04
2.12492287e+05 2.48598441e+04
4.86879085e+05 3.63689006e+04
1.14807153e+06 5.56157579e+04
1.73680572e+06 6.80040789e+04
1.86195180e+06 7.01497396e+04
1.30496524e+06 5.84979407e+04
4.54807121e+05 3.38374028e+04
4.59667722e+04 7.78609861e+03
1.00000000e-10 1.00000000e-10
1.00000000e-10 1.00000000e-10
1.00000000e-10 1.00000000e-10
1.00000000e-10 1.00000000e-10
1.00000000e-10 1.00000000e-10
1.00000000e-10 1.00000000e-10
1.00000000e-10 1.00000000e-10
1.00000000e-10 1.00000000e-10
1.00000000e-10 1.00000000e-10
1.00000000e-10 1.00000000e-10
1.00000000e-10 1.00000000e-10
1.00000000e-10 1.00000000e-10
1.00000000e-10 1.00000000e-10
1.00000000e-10 1.00000000e-10
1.00000000e-10 1.00000000e-10
1.00000000e-10 1.00000000e-10
1.00000000e-10 1.00000000e-10
1.00000000e-10 1.00000000e-10
1.00000000e-10 1.00000000e-10
1.00000000e-10 1.00000000e-10
1.00000000e-10 1.00000000e-10
1.00000000e-10 1.00000000e-10
1.00000000e-10 1.00000000e-10
1.00000000e-10 1.00000000e-10
1.00000000e-10 1.00000000e-10
1.00000000e-10 1.00000000e-10