2.95592986e+04 2.19596643e+04
1.01049976e+05 5.24260168e+04
2.41812025e+04 1.00198417e+04
3.18057305e+04 1.26404348e+04
2.98395197e+04 1.46519949e+04
2.62451866e+04 1.33412777e+04
2.79696728e+04 1.87378855e+04
4.30648102e+04 2.43893791e+04
6.07619459e+04 3.14076612e+04
7.18184137e+04 4.25027291e+04
5.48642266e+04 3.52088237e+04
7.16112914e+04 4.68581045e+04
7.67731977e+04 5.31705281e+04
9.62937470e+04 6.47176292e+04
1.05657310e+05 6.83372322e+04
1.29480396e+05 2.88897454e+04
1.26979483e+05 2.94530098e+04
1.10543634e+05 2.60294126e+04
1.14463042e+05 2.64945072e+04
1.37619483e+05 3.27853684e+04
1.34916071e+05 3.26702161e+04
1.80929708e+05 3.66974368e+04
1.53472790e+05 3.34970734e+04
1.59269327e+05 3.38392975e+04
1.50549034e+05 3.08153430e+04
1.86668282e+05 3.73289051e+04
1.79694284e+05 3.64265540e+04
2.10707554e+05 3.86717172e+04
1.58493572e+05 3.23607863e+04
1.63511520e+05 3.14658039e+04
2.08109411e+05 3.62509748e+04
1.88622998e+05 3.53210378e+04
2.19360483e+05 3.81126400e+04
2.22442934e+05 3.79575249e+04
2.73244896e+05 4.36289134e+04
3.37226602e+05 4.86095149e+04
1.01952108e+05 1.63616606e+04
1.09614332e+05 1.72973052e+04
3.15525654e+04 5.40943953e+03
5.15279059e+04 8.80104803e+03
1.11619076e+05 1.60582860e+04
1.57237963e+05 2.31897739e+04
1.58777817e+05 2.39988666e+04
2.25607902e+05 3.08989004e+04
3.83093705e+05 4.92759589e+04
4.69686210e+05 5.77544881e+04
3.45750815e+05 4.58351242e+04
2.62633277e+05 3.58802360e+04
2.02134169e+05 2.29994934e+04
5.49483589e+05 5.94800206e+04
4.56485690e+05 5.47737382e+04
2.65577257e+05 2.77498230e+04
1.81331874e+05 1.61489330e+04
7.80722265e+04 6.61157879e+03
1.01015203e+05 7.86908433e+03
3.21103033e+05 2.59498144e+04
1.32405780e+05 1.05543190e+04
1.02191791e+05 9.83071747e+03
2.71215355e+05 2.51573475e+04
2.59933559e+05 2.43648388e+04
5.32535842e+05 4.73880045e+04
5.10842173e+05 4.60943412e+04
6.14254271e+05 4.80085381e+04
3.22020823e+05 2.47994745e+04
9.66979840e+05 7.07855037e+04
4.47544446e+05 2.87588382e+04
6.75676368e+05 4.36024016e+04
3.88453242e+05 2.25691334e+04
3.06370478e+05 1.94414174e+04
9.90380073e+05 5.69236163e+04
1.03840006e+06 6.08544177e+04
4.78974410e+05 2.63041888e+04
4.75383523e+05 2.38167293e+04
5.44486735e+05 2.70480890e+04
8.31492209e+05 3.72446898e+04
6.32361537e+05 2.99915634e+04
5.63845033e+05 2.79418884e+04
6.44029092e+05 3.05819108e+04
7.29361848e+05 3.29729349e+04
6.25482937e+05 2.81562777e+04
9.24662050e+05 3.69854758e+04
9.60201555e+05 3.80377220e+04
7.20266820e+05 2.96559821e+04
8.78997550e+05 3.49517125e+04
9.40366259e+05 3.58114430e+04
9.38215305e+05 3.56214222e+04
9.50566595e+05 3.54311206e+04
2.31659864e+06 8.03880179e+04
1.07752243e+06 3.63240576e+04
6.70585574e+05 2.16214928e+04
1.72929362e+05 5.51644664e+03
8.64646808e+04 2.75822332e+03
3.45858723e+05 1.10328933e+04
2.87503703e+06 8.71975952e+04
3.31286134e+06 9.82640650e+04
1.84071348e+06 5.09284779e+04
1.82430650e+06 4.77098919e+04
3.70074676e+06 9.65227812e+04
4.23683858e+06 1.05960663e+05
2.14398796e+06 4.94846262e+04
2.26952137e+06 5.29935384e+04
2.42212185e+06 5.42517101e+04
2.65478940e+06 5.68633934e+04
2.92439899e+06 6.25641351e+04
3.14142682e+06 6.47125970e+04
3.37441990e+06 6.64461339e+04
3.46975308e+06 6.71691639e+04
3.40663696e+06 6.39898839e+04
3.51087552e+06 6.63538643e+04
3.58287688e+06 6.62260778e+04
3.67659802e+06 6.63806307e+04
4.52039478e+06 7.84951164e+04
3.11261950e+06 5.38483174e+04
8.75074822e+06 1.46137495e+05
4.02584301e+06 6.68542640e+04
4.68966180e+06 7.57873761e+04
5.16623230e+06 8.20846903e+04
4.38171599e+06 6.91887003e+04
4.89611647e+06 7.69181012e+04
5.19156529e+06 8.20267316e+04
4.33740254e+06 6.74885852e+04
4.69068505e+06 7.15737919e+04
5.24455500e+06 7.92102421e+04
5.14616698e+06 7.60023449e+04
4.65091613e+06 6.77258417e+04
4.95516095e+06 7.37097115e+04
4.86176576e+06 7.15240492e+04
5.07198356e+06 7.43061186e+04
3.57459585e+06 5.27669888e+04
1.72596638e+06 2.46813192e+04
8.62983190e+05 1.23406596e+04
8.62983190e+05 1.23406596e+04
3.31099539e+06 4.61747209e+04
4.82175360e+06 6.57836778e+04
5.48084705e+06 7.32148529e+04
5.27909279e+06 6.93446139e+04
5.20871975e+06 6.82342287e+04
5.76729785e+06 7.22599402e+04
5.64551397e+06 6.91763757e+04
1.22954598e+07 1.41317441e+05
1.37210177e+07 1.46535753e+05
1.49733131e+07 1.44731840e+05
8.36758687e+06 7.48082310e+04
9.25227302e+06 8.14200026e+04
9.49494110e+06 8.50783104e+04
1.03895367e+07 9.14279229e+04
1.09908255e+07 9.53790513e+04
1.19697158e+07 1.02660466e+05
1.23568927e+07 1.05750967e+05
8.43609090e+06 7.17864815e+04
4.30359964e+06 3.69707516e+04
1.36396059e+07 1.17106129e+05
1.38096645e+07 1.18216412e+05
1.35841438e+07 1.20162989e+05
1.36157949e+07 1.23223266e+05
1.31106883e+07 1.21943181e+05
1.27006568e+07 1.24157056e+05
1.23906922e+07 1.25026623e+05
1.22792442e+07 1.28716162e+05
1.24998512e+07 1.31308270e+05
1.88330477e+07 1.73450696e+05
9.00525646e+06 1.09421202e+05
8.62672818e+06 1.13606540e+05
7.88569005e+05 2.55417088e+04
7.08625652e+05 2.42061115e+04
1.41344745e+06 5.18510329e+04
5.02253632e+05 2.00380022e+04
6.00378152e+05 2.55476095e+04
3.99330514e+05 1.79328357e+04
4.59397530e+05 2.40312075e+04
8.34097925e+05 4.33834978e+04
1.04460230e+06 4.75026020e+04
4.41128116e+05 2.16725865e+04
2.65979320e+05 1.69306663e+04
2.18385783e+05 3.73861805e+04
4.96244897e+03 2.09506813e+03
1.47770642e+04 6.29683528e+03
2.58162032e+04 9.41613798e+03
2.97488814e+04 1.13106666e+04
1.00789576e+05 2.09373721e+04
1.78717537e+06 6.65308783e+04
2.36463835e+06 7.80303716e+04
5.14230720e+04 1.02969202e+04
3.77509557e+05 2.95239728e+04
5.87919726e+05 3.91503077e+04
1.29265503e+04 2.59306599e+03
1.00000000e-10 1.00000000e-10
1.00000000e-10 1.00000000e-10
1.00000000e-10 1.00000000e-10
1.00000000e-10 1.00000000e-10
1.00000000e-10 1.00000000e-10
1.00000000e-10 1.00000000e-10
1.00000000e-10 1.00000000e-10
1.00000000e-10 1.00000000e-10
1.00000000e-10 1.00000000e-10
1.00000000e-10 1.00000000e-10
1.00000000e-10 1.00000000e-10
1.00000000e-10 1.00000000e-10
1.00000000e-10 1.00000000e-10
1.00000000e-10 1.00000000e-10
1.00000000e-10 1.00000000e-10
1.00000000e-10 1.00000000e-10
1.00000000e-10 1.00000000e-10
1.00000000e-10 1.00000000e-10
1.00000000e-10 1.00000000e-10
1.00000000e-10 1.00000000e-10
1.00000000e-10 1.00000000e-10
1.00000000e-10 1.00000000e-10
1.00000000e-10 1.00000000e-10
1.00000000e-10 1.00000000e-10
1.00000000e-10 1.00000000e-10