1e-5
1.047099999999999851e-05
1.096499999999999920e-05
1.148199999999999950e-05
1.202300000000000161e-05
1.258899999999999924e-05
1.318300000000000067e-05
1.380400000000000031e-05
1.445399999999999917e-05
1.513600000000000043e-05
1.584900000000000021e-05
1.659600000000000170e-05
1.737800000000000201e-05
1.819699999999999874e-05
1.905499999999999967e-05
1.995300000000000022e-05
2.089300000000000139e-05
2.187799999999999958e-05
2.290900000000000038e-05
2.398800000000000140e-05
2.511900000000000124e-05
2.630299999999999872e-05
2.754200000000000159e-05
2.884000000000000170e-05
3.020000000000000223e-05
3.162300000000000538e-05
3.311299999999999958e-05
3.467400000000000039e-05
3.630799999999999864e-05
3.801899999999999632e-05
3.981099999999999543e-05
4.168700000000000254e-05
4.365199999999999473e-05
4.570899999999999893e-05
4.786300000000000575e-05
5.011899999999999905e-05
5.248100000000000117e-05
5.495399999999999596e-05
5.754399999999999657e-05
6.025600000000000042e-05
6.309599999999999356e-05
6.606900000000000728e-05
6.918300000000000491e-05
7.244399999999999961e-05
7.585800000000000453e-05
7.943300000000001011e-05
8.317599999999999104e-05
8.709600000000000772e-05
9.120099999999999637e-05
9.549900000000000164e-05
1.000000000000000048e-04
1.047100000000000054e-04
1.096500000000000090e-04
1.148200000000000018e-04
1.202300000000000059e-04
1.258900000000000026e-04
1.318299999999999897e-04
1.380399999999999997e-04
1.445399999999999951e-04
1.513600000000000145e-04
1.584899999999999818e-04
1.659599999999999899e-04
1.737800000000000065e-04
1.819699999999999942e-04
1.905499999999999967e-04
1.995300000000000090e-04
2.089299999999999935e-04
2.187799999999999890e-04
2.290900000000000174e-04
2.398800000000000140e-04
2.511899999999999853e-04
2.630300000000000346e-04
2.754200000000000159e-04
2.884000000000000170e-04
3.019999999999999681e-04
3.162300000000000267e-04
3.311300000000000094e-04
3.467400000000000039e-04
3.630800000000000000e-04
3.801900000000000310e-04
3.981099999999999678e-04
4.168699999999999576e-04
4.365200000000000287e-04
4.570900000000000028e-04
4.786300000000000168e-04
5.011899999999999905e-04
5.248100000000000117e-04
5.495400000000000545e-04
5.754399999999999793e-04
6.025600000000000313e-04
6.309599999999999627e-04
6.606900000000000186e-04
6.918299999999999407e-04
7.244400000000000232e-04
7.585800000000000182e-04
7.943299999999999927e-04
8.317600000000000731e-04
8.709599999999999417e-04
9.120099999999999908e-04
9.549900000000000706e-04
1.000000000000000021e-03
1.047100000000000027e-03
1.096500000000000035e-03
1.148200000000000045e-03
1.202300000000000113e-03
1.258900000000000080e-03
1.318300000000000114e-03
1.380399999999999943e-03
1.445399999999999897e-03
1.513599999999999928e-03
1.584899999999999981e-03
1.659600000000000007e-03
1.737799999999999848e-03
1.819700000000000050e-03
1.905500000000000076e-03
1.995299999999999765e-03
2.089299999999999664e-03
2.187799999999999728e-03
2.290900000000000228e-03
2.398799999999999977e-03
2.511900000000000070e-03
2.630299999999999912e-03
2.754200000000000051e-03
2.883999999999999845e-03
3.020000000000000115e-03
3.162300000000000267e-03
3.311300000000000094e-03
3.467399999999999823e-03
3.630800000000000000e-03
3.801900000000000418e-03
3.981099999999999570e-03
4.168700000000000010e-03
4.365199999999999636e-03
4.570899999999999269e-03
4.786300000000000276e-03
5.011899999999999689e-03
5.248099999999999467e-03
5.495400000000000111e-03
5.754399999999999793e-03
6.025600000000000747e-03
6.309599999999999410e-03
6.606899999999999752e-03
6.918299999999999624e-03
7.244400000000000665e-03
7.585800000000000182e-03
7.943300000000000360e-03
8.317599999999999646e-03
8.709599999999999634e-03
9.120100000000000776e-03
9.549900000000000055e-03
1.000000000000000021e-02
1.047099999999999941e-02
1.096499999999999905e-02
1.148199999999999915e-02
1.202299999999999897e-02
1.258899999999999950e-02
1.318300000000000027e-02
1.380400000000000030e-02
1.445399999999999983e-02
1.513600000000000015e-02
1.584899999999999851e-02
1.659599999999999964e-02
1.737799999999999762e-02
1.819700000000000137e-02
1.905500000000000249e-02
1.995299999999999851e-02
2.089300000000000185e-02
2.187799999999999814e-02
2.290899999999999881e-02
2.398799999999999891e-02
2.511900000000000244e-02
2.630299999999999999e-02
2.754200000000000051e-02
2.883999999999999758e-02
3.019999999999999768e-02
3.162299999999999833e-02
3.311300000000000354e-02
3.467400000000000343e-02
3.630800000000000000e-02
3.801899999999999724e-02
3.981099999999999917e-02
4.168700000000000183e-02
4.365199999999999636e-02
4.570899999999999963e-02
4.786300000000000276e-02
5.011899999999999689e-02
5.248099999999999987e-02
5.495399999999999591e-02
5.754400000000000487e-02
6.025599999999999706e-02
6.309599999999999931e-02
6.606899999999998885e-02
6.918300000000000838e-02
7.244399999999999451e-02
7.585800000000000876e-02
7.943299999999998973e-02
8.317599999999999993e-02
8.709600000000000675e-02
9.120099999999999041e-02
9.549900000000000055e-02
9.999999999999999167e-02
1.047099999999999975e-01
1.096500000000000113e-01
1.148200000000000054e-01
1.202300000000000174e-01
1.258900000000000019e-01
1.318300000000000027e-01
1.380400000000000238e-01
1.445400000000000018e-01
1.513599999999999945e-01
1.584900000000000198e-01
1.659600000000000242e-01
1.737800000000000178e-01
1.819700000000000206e-01
1.905499999999999972e-01
1.995299999999999851e-01
2.089300000000000046e-01
2.187800000000000022e-01
2.290899999999999881e-01
2.398800000000000099e-01
2.511900000000000244e-01
2.630299999999999860e-01
2.754199999999999982e-01
2.883999999999999897e-01
3.019999999999999907e-01
3.162300000000000111e-01
3.311299999999999799e-01
3.467399999999999927e-01
3.630800000000000138e-01
3.801900000000000279e-01
3.981100000000000194e-01
4.168700000000000183e-01
4.365200000000000191e-01
4.570900000000000518e-01
4.786300000000000554e-01
5.011900000000000244e-01
5.248099999999999987e-01
5.500000000000000444e-01
5.749999999999999556e-01
5.999999999999999778e-01
6.250000000000000000e-01
6.500000000000000222e-01
6.750000000000000444e-01
6.999999999999999556e-01
7.250000000000000888e-01
7.500000000000000000e-01
7.750000000000000222e-01
7.999999999999999334e-01
8.250000000000000666e-01
8.499999999999999778e-01
8.750000000000000000e-01
8.999999999999999112e-01
9.250000000000000444e-01
9.499999999999999556e-01
9.749999999999999778e-01
1.000000000000000000e+00
1.024999999999999911e+00
1.049999999999999822e+00
1.075000000000000178e+00
1.100000000000000089e+00
1.125000000000000000e+00
1.149999999999999911e+00
1.175000000000000044e+00
1.199999999999999956e+00
1.224999999999999867e+00
1.250000000000000000e+00
1.275000000000000133e+00
1.300000000000000044e+00
1.324999999999999956e+00
1.350000000000000089e+00
1.375000000000000000e+00
1.399999999999999911e+00
1.424999999999999822e+00
1.450000000000000178e+00
1.475000000000000089e+00
1.500000000000000000e+00
1.524999999999999911e+00
1.550000000000000044e+00
1.574999999999999956e+00
1.599999999999999867e+00
1.625000000000000000e+00
1.650000000000000133e+00
1.675000000000000044e+00
1.699999999999999956e+00
1.725000000000000089e+00
1.750000000000000000e+00
1.774999999999999911e+00
1.799999999999999822e+00
1.825000000000000178e+00
1.850000000000000089e+00
1.875000000000000000e+00
1.899999999999999911e+00
1.925000000000000266e+00
1.949999999999999956e+00
1.975000000000000089e+00
2.000000000000000000e+00
2.024999999999999911e+00
2.049999999999999822e+00
2.075000000000000178e+00
2.099999999999999645e+00
2.125000000000000000e+00
2.150000000000000355e+00
2.174999999999999822e+00
2.200000000000000178e+00
2.225000000000000089e+00
2.250000000000000000e+00
2.274999999999999911e+00
2.299999999999999822e+00
2.325000000000000178e+00
2.350000000000000089e+00
2.375000000000000000e+00
2.399999999999999911e+00
2.425000000000000266e+00
2.449999999999999734e+00
2.475000000000000089e+00
2.500000000000000000e+00
2.524999999999999911e+00
2.550000000000000266e+00
2.574999999999999734e+00
2.600000000000000089e+00
2.625000000000000000e+00
2.649999999999999911e+00
2.674999999999999822e+00
2.700000000000000178e+00
2.725000000000000089e+00
2.750000000000000000e+00
2.774999999999999911e+00
2.799999999999999822e+00
2.825000000000000178e+00
2.849999999999999645e+00
2.875000000000000000e+00
2.900000000000000355e+00
2.924999999999999822e+00
2.950000000000000178e+00
2.975000000000000089e+00
3.000000000000000000e+00
3.024999999999999911e+00
3.049999999999999822e+00
3.075000000000000178e+00
3.100000000000000089e+00
3.125000000000000000e+00
3.149999999999999911e+00
3.175000000000000266e+00
3.199999999999999734e+00
3.225000000000000089e+00
3.250000000000000000e+00
3.274999999999999911e+00
3.300000000000000266e+00
3.324999999999999734e+00
3.350000000000000089e+00
3.375000000000000000e+00
3.399999999999999911e+00
3.424999999999999822e+00
3.450000000000000178e+00
3.475000000000000089e+00
3.500000000000000000e+00
3.524999999999999911e+00
3.549999999999999822e+00
3.575000000000000178e+00
3.599999999999999645e+00
3.625000000000000000e+00
3.650000000000000355e+00
3.674999999999999822e+00
3.700000000000000178e+00
3.725000000000000089e+00
3.750000000000000000e+00
3.774999999999999911e+00
3.799999999999999822e+00
3.824999999999999734e+00
3.850000000000000533e+00
3.875000000000000000e+00
3.899999999999999911e+00
3.924999999999999822e+00
3.950000000000000178e+00
3.975000000000000089e+00
4.000000000000000000e+00
4.024999999999999467e+00
4.049999999999999822e+00
4.075000000000000178e+00
4.099999999999999645e+00
4.125000000000000000e+00
4.150000000000000355e+00
4.174999999999999822e+00
4.199999999999999289e+00
4.225000000000000533e+00
4.250000000000000000e+00
4.274999999999999467e+00
4.300000000000000711e+00
4.325000000000000178e+00
4.349999999999999645e+00
4.375000000000000000e+00
4.400000000000000355e+00
4.424999999999999822e+00
4.450000000000000178e+00
4.475000000000000533e+00
4.500000000000000000e+00
4.524999999999999467e+00
4.549999999999999822e+00
4.575000000000000178e+00
4.599999999999999645e+00
4.625000000000000000e+00
4.650000000000000355e+00
4.674999999999999822e+00
4.700000000000000178e+00
4.724999999999999645e+00
4.750000000000000000e+00
4.775000000000000355e+00
4.799999999999999822e+00
4.825000000000000178e+00
4.850000000000000533e+00
4.875000000000000000e+00
4.899999999999999467e+00
4.925000000000000711e+00
4.950000000000000178e+00
4.974999999999999645e+00
5.000000000000000000e+00
5.025000000000000355e+00
5.049999999999999822e+00
5.074999999999999289e+00
5.100000000000000533e+00
5.125000000000000000e+00
5.149999999999999467e+00
5.174999999999999822e+00
5.200000000000000178e+00
5.224999999999999645e+00
5.250000000000000000e+00
5.275000000000000355e+00
5.299999999999999822e+00
5.325000000000000178e+00
5.349999999999999645e+00
5.375000000000000000e+00
5.400000000000000355e+00
5.424999999999999822e+00
5.450000000000000178e+00
5.475000000000000533e+00
5.500000000000000000e+00
5.524999999999999467e+00
5.549999999999999822e+00
5.575000000000000178e+00
5.599999999999999645e+00
5.625000000000000000e+00
5.650000000000000355e+00
5.674999999999999822e+00
5.699999999999999289e+00
5.725000000000000533e+00
5.750000000000000000e+00
5.774999999999999467e+00
5.800000000000000711e+00
5.825000000000000178e+00
5.849999999999999645e+00
5.875000000000000000e+00
5.900000000000000355e+00
5.924999999999999822e+00
5.950000000000000178e+00
5.975000000000000533e+00
6.000000000000000000e+00
6.025000000000000355e+00
6.049999999999999822e+00
6.075000000000000178e+00
6.099999999999999645e+00
6.125000000000000000e+00
6.150000000000000355e+00
6.174999999999999822e+00
6.200000000000000178e+00
6.224999999999999645e+00
6.250000000000000000e+00
6.275000000000000355e+00
6.299999999999999822e+00
6.324999999999999289e+00
6.350000000000000533e+00
6.375000000000000000e+00
6.399999999999999467e+00
6.425000000000000711e+00
6.450000000000000178e+00
6.474999999999999645e+00
6.500000000000000000e+00
6.525000000000000355e+00
6.549999999999999822e+00
6.574999999999999289e+00
6.600000000000000533e+00
6.625000000000000000e+00
6.649999999999999467e+00
6.674999999999999822e+00
6.700000000000000178e+00
6.724999999999999645e+00
6.750000000000000000e+00
6.775000000000000355e+00
6.799999999999999822e+00
6.825000000000000178e+00
6.849999999999999645e+00
6.875000000000000000e+00
6.900000000000000355e+00
6.924999999999999822e+00
6.950000000000000178e+00
6.975000000000000533e+00
7.000000000000000000e+00
7.024999999999999467e+00
7.049999999999999822e+00
7.075000000000000178e+00
7.099999999999999645e+00
7.125000000000000000e+00
7.150000000000000355e+00
7.174999999999999822e+00
7.199999999999999289e+00
7.225000000000000533e+00
7.250000000000000000e+00
7.274999999999999467e+00
7.300000000000000711e+00
7.325000000000000178e+00
7.349999999999999645e+00
7.375000000000000000e+00
7.400000000000000355e+00
7.424999999999999822e+00
7.450000000000000178e+00
7.474999999999999645e+00
7.500000000000000000e+00
7.525000000000000355e+00
7.549999999999999822e+00
7.575000000000000178e+00
7.599999999999999645e+00
7.625000000000000000e+00
7.649999999999999467e+00
7.674999999999999822e+00
7.700000000000001066e+00
7.724999999999999645e+00
7.750000000000000000e+00
7.774999999999999467e+00
7.799999999999999822e+00
7.825000000000000178e+00
7.849999999999999645e+00
7.875000000000000000e+00
7.900000000000000355e+00
7.924999999999999822e+00
7.950000000000000178e+00
7.975000000000000533e+00
8.000000000000000000e+00
8.025000000000000355e+00
8.049999999999998934e+00
8.074999999999999289e+00
8.099999999999999645e+00
8.125000000000000000e+00
8.150000000000000355e+00
8.175000000000000711e+00
8.199999999999999289e+00
8.224999999999999645e+00
8.250000000000000000e+00
8.275000000000000355e+00
8.300000000000000711e+00
8.325000000000001066e+00
8.349999999999999645e+00
8.375000000000000000e+00
8.399999999999998579e+00
8.424999999999998934e+00
8.450000000000001066e+00
8.474999999999999645e+00
8.500000000000000000e+00
8.525000000000000355e+00
8.549999999999998934e+00
8.574999999999999289e+00
8.600000000000001421e+00
8.625000000000000000e+00
8.650000000000000355e+00
8.675000000000000711e+00
8.699999999999999289e+00
8.724999999999999645e+00
8.750000000000000000e+00
8.775000000000000355e+00
8.800000000000000711e+00
8.824999999999999289e+00
8.849999999999999645e+00
8.875000000000000000e+00
8.900000000000000355e+00
8.925000000000000711e+00
8.950000000000001066e+00
8.974999999999999645e+00
9.000000000000000000e+00
9.025000000000000355e+00
9.049999999999998934e+00
9.075000000000001066e+00
9.099999999999999645e+00
9.125000000000000000e+00
9.150000000000000355e+00
9.174999999999998934e+00
9.199999999999999289e+00
9.225000000000001421e+00
9.250000000000000000e+00
9.275000000000000355e+00
9.300000000000000711e+00
9.324999999999999289e+00
9.349999999999999645e+00
9.375000000000000000e+00
9.400000000000000355e+00
9.425000000000000711e+00
9.449999999999999289e+00
9.474999999999999645e+00
9.500000000000000000e+00
9.524999999999998579e+00
9.550000000000000711e+00
9.575000000000001066e+00
9.599999999999999645e+00
9.625000000000000000e+00
9.650000000000000355e+00
9.674999999999998934e+00
9.700000000000001066e+00
9.724999999999999645e+00
9.750000000000000000e+00
9.775000000000000355e+00
9.799999999999998934e+00
9.824999999999999289e+00
9.850000000000001421e+00
9.875000000000000000e+00
9.900000000000000355e+00
9.925000000000000711e+00
9.949999999999999289e+00
9.974999999999999645e+00
1.000000000000000000e+01
1.047100000000000009e+01
1.096499999999999986e+01
1.148199999999999932e+01
1.202299999999999969e+01
1.258899999999999864e+01
1.318299999999999983e+01
1.380400000000000027e+01
1.445399999999999885e+01
1.513600000000000101e+01
1.584900000000000020e+01
1.659600000000000009e+01
1.737800000000000011e+01
1.819699999999999918e+01
1.905499999999999972e+01
1.995299999999999940e+01
2.089300000000000068e+01
2.187800000000000011e+01
2.290899999999999892e+01
2.398800000000000310e+01
2.511899999999999977e+01
2.630299999999999727e+01
2.754200000000000159e+01
2.883999999999999986e+01
3.019999999999999929e+01
3.162299999999999756e+01
3.311299999999999955e+01
3.467399999999999949e+01
3.630799999999999983e+01
3.801900000000000546e+01
3.981099999999999994e+01
4.168700000000000472e+01
4.365200000000000102e+01
4.570899999999999608e+01
4.786299999999999955e+01
5.011899999999999977e+01
5.248100000000000165e+01
5.495400000000000063e+01
5.754400000000000404e+01
6.025600000000000023e+01
6.309599999999999653e+01
6.606899999999998840e+01
6.918300000000000693e+01
7.244400000000000261e+01
7.585800000000000409e+01
7.943299999999999272e+01
8.317600000000000193e+01
8.709599999999998943e+01
9.120099999999999341e+01
9.549899999999999523e+01
1.000000000000000000e+02
1.047100000000000080e+02
1.096499999999999915e+02
1.148200000000000074e+02
1.202300000000000040e+02
1.258900000000000006e+02
1.318299999999999841e+02
1.380399999999999920e+02
1.445399999999999920e+02
1.513599999999999852e+02
1.584900000000000091e+02
1.659599999999999795e+02
1.737800000000000011e+02
1.819699999999999989e+02
1.905499999999999829e+02
1.995300000000000011e+02
2.089300000000000068e+02
2.187800000000000011e+02
2.290900000000000034e+02
2.398799999999999955e+02
2.511899999999999977e+02
2.630299999999999727e+02
2.754200000000000159e+02
2.884000000000000341e+02
3.020000000000000000e+02
3.162300000000000182e+02
3.311299999999999955e+02
3.467400000000000091e+02
3.630799999999999841e+02
3.801899999999999977e+02
3.981100000000000136e+02
4.168700000000000045e+02
4.365199999999999818e+02
4.570899999999999750e+02
4.786299999999999955e+02
5.011899999999999977e+02
5.248100000000000591e+02
5.495399999999999636e+02
5.754399999999999409e+02
6.025600000000000591e+02
6.309599999999999227e+02
6.606900000000000546e+02
6.918300000000000409e+02
7.244400000000000546e+02
7.585800000000000409e+02
7.943300000000000409e+02
8.317599999999999909e+02
8.709600000000000364e+02
9.120099999999999909e+02
9.549900000000000091e+02
1.000000000000000000e+03
1.047100000000000136e+03
1.096500000000000000e+03
1.148200000000000045e+03
1.202299999999999955e+03
1.258900000000000091e+03
1.318299999999999955e+03
1.380399999999999864e+03
1.445399999999999864e+03
1.513599999999999909e+03
1.584900000000000091e+03
1.659599999999999909e+03
1.737799999999999955e+03
1.819700000000000045e+03
1.905500000000000000e+03
1.995300000000000182e+03
2.089300000000000182e+03
2.187800000000000182e+03
2.290899999999999636e+03
2.398800000000000182e+03
2.511900000000000091e+03
2.630299999999999727e+03
2.754200000000000273e+03
2.884000000000000000e+03
3.020000000000000000e+03
3.162299999999999727e+03
3.311300000000000182e+03
3.467399999999999636e+03
3.630800000000000182e+03
3.801900000000000091e+03
3.981099999999999454e+03
4.168699999999999818e+03
4.365199999999999818e+03
4.570900000000000546e+03
4.786300000000000182e+03
5.011899999999999636e+03
5.248100000000000364e+03
5.495400000000000546e+03
5.754399999999999636e+03
6.025599999999999454e+03
6.309600000000000364e+03
6.606899999999999636e+03
6.918299999999999272e+03
7.244399999999999636e+03
7.585800000000000182e+03
7.943300000000000182e+03
8.317600000000000364e+03
8.709600000000000364e+03
9.120100000000000364e+03
9.549899999999999636e+03
1.000000000000000000e+04
1.047100000000000000e+04
1.096500000000000000e+04
1.148200000000000000e+04
1.202300000000000000e+04
1.258900000000000000e+04
1.318300000000000000e+04
1.380400000000000000e+04
1.445400000000000000e+04
1.513600000000000000e+04
1.584899999999999818e+04
1.659600000000000000e+04
1.737800000000000000e+04
1.819700000000000000e+04
1.905500000000000000e+04
1.995300000000000000e+04
2.089300000000000000e+04
2.187800000000000000e+04
2.290900000000000000e+04
2.398800000000000000e+04
2.511900000000000000e+04
2.630300000000000000e+04
2.754200000000000000e+04
2.884000000000000000e+04
3.020000000000000000e+04
3.162300000000000000e+04
3.311300000000000000e+04
3.467400000000000000e+04
3.630800000000000000e+04
3.801900000000000000e+04
3.981100000000000000e+04
4.168700000000000000e+04
4.365200000000000000e+04
4.570900000000000000e+04
4.786300000000000000e+04
5.011900000000000000e+04
5.248100000000000000e+04
5.495400000000000000e+04
5.754400000000000000e+04
6.025600000000000000e+04
6.309600000000000000e+04
6.606900000000000000e+04
6.918300000000000000e+04
7.244400000000000000e+04
7.585800000000000000e+04
7.943300000000000000e+04
8.317600000000000000e+04
8.709600000000000000e+04
9.120100000000000000e+04
9.549900000000000000e+04
1.000000000000000000e+05
1.047100000000000000e+05
1.096500000000000000e+05
1.148200000000000000e+05
1.202300000000000000e+05
1.258900000000000000e+05
1.318300000000000000e+05
1.380400000000000000e+05
1.445400000000000000e+05
1.513600000000000000e+05
1.584900000000000000e+05
1.659600000000000000e+05
1.737800000000000000e+05
1.819700000000000000e+05
1.905500000000000000e+05
1.995300000000000000e+05
2.089300000000000000e+05
2.187800000000000000e+05
2.290900000000000000e+05
2.398800000000000000e+05
2.511900000000000291e+05
2.630300000000000000e+05
2.754200000000000000e+05
2.884000000000000000e+05
3.020000000000000000e+05
3.162300000000000000e+05
3.311300000000000000e+05
3.467400000000000000e+05
3.630800000000000000e+05
3.801900000000000000e+05
3.981100000000000000e+05
4.168700000000000000e+05
4.365200000000000000e+05
4.570900000000000000e+05
4.786300000000000000e+05
5.011900000000000000e+05
5.248100000000000000e+05
5.495400000000000000e+05
5.754400000000000000e+05
6.025600000000000000e+05
6.309600000000000000e+05
6.606900000000000000e+05
6.918300000000000000e+05
7.244400000000000000e+05
7.585800000000000000e+05
7.943300000000000000e+05
8.317600000000000000e+05
8.709600000000000000e+05
9.120100000000000000e+05
9.549900000000000000e+05
1.000000000000000000e+06
1.047099999999999884e+06
1.096500000000000000e+06
1.148200000000000000e+06
1.202300000000000000e+06
1.258900000000000000e+06
1.318300000000000000e+06
1.380400000000000000e+06
1.445400000000000000e+06
1.513600000000000000e+06
1.584900000000000000e+06
1.659600000000000000e+06
1.737800000000000000e+06
1.819700000000000000e+06
1.905500000000000000e+06
1.995300000000000000e+06
2.089300000000000233e+06
2.187800000000000000e+06
2.290900000000000000e+06
2.398800000000000000e+06
2.511900000000000000e+06
2.630300000000000000e+06
2.754200000000000000e+06
2.884000000000000000e+06
3.020000000000000000e+06
3.162300000000000000e+06
3.311300000000000000e+06
3.467400000000000000e+06
3.630800000000000000e+06
3.801900000000000000e+06
3.981100000000000000e+06
4.168700000000000466e+06
4.365200000000000000e+06
4.570900000000000000e+06
4.786300000000000000e+06
5.000000000000000000e+06
5.200000000000000000e+06
5.400000000000000000e+06
5.600000000000000000e+06
5.800000000000000000e+06
6.000000000000000000e+06
6.200000000000000000e+06
6.400000000000000000e+06
6.600000000000000000e+06
6.800000000000000000e+06
7.000000000000000000e+06
7.200000000000000000e+06
7.400000000000000000e+06
7.600000000000000000e+06
7.800000000000000000e+06
8.000000000000000000e+06
8.199999999999999069e+06
8.400000000000000000e+06
8.600000000000000000e+06
8.800000000000000000e+06
9.000000000000000000e+06
9.200000000000000000e+06
9.400000000000000000e+06
9.600000000000000000e+06
9.800000000000000000e+06
1.000000000000000000e+07
1.020000000000000000e+07
1.040000000000000000e+07
1.060000000000000000e+07
1.080000000000000000e+07
1.100000000000000000e+07
1.120000000000000000e+07
1.140000000000000000e+07
1.160000000000000000e+07
1.180000000000000000e+07
1.200000000000000000e+07
1.220000000000000000e+07
1.240000000000000000e+07
1.260000000000000000e+07
1.280000000000000000e+07
1.300000000000000000e+07
1.320000000000000000e+07
1.340000000000000000e+07
1.360000000000000000e+07
1.380000000000000000e+07
1.400000000000000000e+07
1.420000000000000000e+07
1.440000000000000000e+07
1.460000000000000000e+07
1.480000000000000000e+07
1.500000000000000000e+07
1.520000000000000000e+07
1.540000000000000000e+07
1.560000000000000000e+07
1.580000000000000000e+07
1.600000000000000000e+07
1.620000000000000000e+07
1.639999999999999814e+07
1.660000000000000186e+07
1.680000000000000000e+07
1.700000000000000000e+07
1.720000000000000000e+07
1.740000000000000000e+07
1.760000000000000000e+07
1.780000000000000000e+07
1.800000000000000000e+07
1.820000000000000000e+07
1.840000000000000000e+07
1.860000000000000000e+07
1.880000000000000000e+07
1.900000000000000000e+07
1.920000000000000000e+07
1.940000000000000000e+07
1.960000000000000000e+07
1.980000000000000000e+07
2.000000000000000000e+07
2.020000000000000000e+07
2.040000000000000000e+07
2.060000000000000000e+07
2.080000000000000000e+07
2.100000000000000000e+07
2.120000000000000000e+07
2.140000000000000000e+07
2.160000000000000000e+07
2.180000000000000000e+07
2.200000000000000000e+07
2.220000000000000000e+07
2.240000000000000000e+07
2.260000000000000000e+07
2.280000000000000000e+07
2.300000000000000000e+07
2.320000000000000000e+07
2.340000000000000000e+07
2.360000000000000000e+07
2.380000000000000000e+07
2.400000000000000000e+07
2.420000000000000000e+07
2.440000000000000000e+07
2.460000000000000000e+07
2.480000000000000000e+07
2.500000000000000000e+07
2.520000000000000000e+07
2.540000000000000000e+07
2.560000000000000000e+07
2.580000000000000000e+07
2.600000000000000000e+07
2.620000000000000000e+07
2.640000000000000000e+07
2.660000000000000000e+07
2.680000000000000000e+07
2.700000000000000000e+07
2.720000000000000000e+07
2.740000000000000000e+07
2.760000000000000000e+07
2.780000000000000000e+07
2.800000000000000000e+07
2.820000000000000000e+07
2.840000000000000000e+07
2.860000000000000000e+07
2.880000000000000000e+07
2.900000000000000000e+07
2.920000000000000000e+07
2.940000000000000000e+07
2.960000000000000000e+07
2.980000000000000000e+07
3.000000000000000000e+07
3.020000000000000000e+07
3.162300000000000000e+07
3.311300000000000000e+07
3.467400000000000000e+07
3.630800000000000000e+07
3.801900000000000000e+07
3.981100000000000000e+07
4.168700000000000000e+07
4.365200000000000000e+07
4.570900000000000000e+07
4.786300000000000000e+07
5.011900000000000000e+07
5.248100000000000000e+07
5.495400000000000000e+07
5.754400000000000000e+07
6.025600000000000000e+07
6.309600000000000000e+07
6.606900000000000000e+07
6.918300000000000000e+07
7.244400000000000000e+07
7.585800000000000000e+07
7.943300000000000000e+07
8.317600000000000000e+07
8.709600000000000000e+07
9.120100000000000000e+07
9.549900000000000000e+07
1.000000000000000000e+08
1.047100000000000000e+08
1.096500000000000000e+08
1.148200000000000000e+08
1.202300000000000000e+08
1.258900000000000000e+08
1.318300000000000149e+08
1.380400000000000000e+08
1.445400000000000000e+08
1.513600000000000000e+08
1.584900000000000000e+08
1.659600000000000000e+08
1.737800000000000000e+08
1.819700000000000000e+08
1.905500000000000000e+08
1.995300000000000000e+08
2.089300000000000000e+08
2.187800000000000000e+08
2.290900000000000000e+08
2.398800000000000000e+08
2.511900000000000000e+08
2.630299999999999702e+08
2.754200000000000000e+08
2.884000000000000000e+08
3.020000000000000000e+08
3.162300000000000000e+08
3.311300000000000000e+08
3.467400000000000000e+08
3.630800000000000000e+08
3.801900000000000000e+08
3.981100000000000000e+08
4.168700000000000000e+08
4.365200000000000000e+08
4.570900000000000000e+08
4.786300000000000000e+08
5.011900000000000000e+08
5.248099999999999404e+08
5.495400000000000000e+08
5.754400000000000000e+08
6.025600000000000000e+08
6.309600000000000000e+08
6.606900000000000000e+08
6.918300000000000000e+08
7.244400000000000000e+08
7.585800000000000000e+08
7.943300000000000000e+08
8.317600000000000000e+08
8.709600000000000000e+08
9.120100000000000000e+08
9.549900000000000000e+08
1.000000000000000000e+09