1.0000E-05
1.0500E-05
1.1000E-05
1.1500E-05
1.2000E-05
1.2750E-05
1.3500E-05
1.4250E-05
1.5000E-05
1.6000E-05
1.7000E-05
1.8000E-05
1.9000E-05
2.0000E-05
2.1000E-05
2.2000E-05
2.3000E-05
2.4000E-05
2.5500E-05
2.7000E-05
2.8000E-05
3.0000E-05
3.2000E-05
3.4000E-05
3.6000E-05
3.8000E-05
4.0000E-05
4.2500E-05
4.5000E-05
4.7500E-05
5.0000E-05
5.2500E-05
5.5000E-05
5.7500E-05
6.0000E-05
6.3000E-05
6.6000E-05
6.9000E-05
7.2000E-05
7.6000E-05
8.0000E-05
8.4000E-05
8.8000E-05
9.2000E-05
9.6000E-05
1.0000E-04
1.0500E-04
1.1000E-04
1.1500E-04
1.2000E-04
1.2750E-04
1.3500E-04
1.4250E-04
1.5000E-04
1.6000E-04
1.7000E-04
1.8000E-04
1.9000E-04
2.0000E-04
2.1000E-04
2.2000E-04
2.3000E-04
2.4000E-04
2.5500E-04
2.7000E-04
2.8000E-04
3.0000E-04
3.2000E-04
3.4000E-04
3.6000E-04
3.8000E-04
4.0000E-04
4.2500E-04
4.5000E-04
4.7500E-04
5.0000E-04
5.2500E-04
5.5000E-04
5.7500E-04
6.0000E-04
6.3000E-04
6.6000E-04
6.9000E-04
7.2000E-04
7.6000E-04
8.0000E-04
8.4000E-04
8.8000E-04
9.2000E-04
9.6000E-04
1.0000E-03
1.0500E-03
1.1000E-03
1.1500E-03
1.2000E-03
1.2750E-03
1.3500E-03
1.4250E-03
1.5000E-03
1.6000E-03
1.7000E-03
1.8000E-03
1.9000E-03
2.0000E-03
2.1000E-03
2.2000E-03
2.3000E-03
2.4000E-03
2.5500E-03
2.7000E-03
2.8000E-03
3.0000E-03
3.2000E-03
3.4000E-03
3.6000E-03
3.8000E-03
4.0000E-03
4.2500E-03
4.5000E-03
4.7500E-03
5.0000E-03
5.2500E-03
5.5000E-03
5.7500E-03
6.0000E-03
6.3000E-03
6.6000E-03
6.9000E-03
7.2000E-03
7.6000E-03
8.0000E-03
8.4000E-03
8.8000E-03
9.2000E-03
9.6000E-03
1.0000E-02
1.0500E-02
1.1000E-02
1.1500E-02
1.2000E-02
1.2750E-02
1.3500E-02
1.4250E-02
1.5000E-02
1.6000E-02
1.7000E-02
1.8000E-02
1.9000E-02
2.0000E-02
2.1000E-02
2.2000E-02
2.3000E-02
2.4000E-02
2.5500E-02
2.7000E-02
2.8000E-02
3.0000E-02
3.2000E-02
3.4000E-02
3.6000E-02
3.8000E-02
4.0000E-02
4.2500E-02
4.5000E-02
4.7500E-02
5.0000E-02
5.2500E-02
5.5000E-02
5.7500E-02
6.0000E-02
6.3000E-02
6.6000E-02
6.9000E-02
7.2000E-02
7.6000E-02
8.0000E-02
8.4000E-02
8.8000E-02
9.2000E-02
9.6000E-02
1.0000E-01
1.0500E-01
1.1000E-01
1.1500E-01
1.2000E-01
1.2750E-01
1.3500E-01
1.4250E-01
1.5000E-01
1.6000E-01
1.7000E-01
1.8000E-01
1.9000E-01
2.0000E-01
2.1000E-01
2.2000E-01
2.3000E-01
2.4000E-01
2.5500E-01
2.7000E-01
2.8000E-01
3.0000E-01
3.2000E-01
3.4000E-01
3.6000E-01
3.8000E-01
4.0000E-01
4.2500E-01
4.5000E-01
4.7500E-01
5.0000E-01
5.2500E-01
5.5000E-01
5.7500E-01
6.0000E-01
6.3000E-01
6.6000E-01
6.9000E-01
7.2000E-01
7.6000E-01
8.0000E-01
8.4000E-01
8.8000E-01
9.2000E-01
9.6000E-01
1.0000E+00
1.0500E+00
1.1000E+00
1.1500E+00
1.2000E+00
1.2750E+00
1.3500E+00
1.4250E+00
1.5000E+00
1.6000E+00
1.7000E+00
1.8000E+00
1.9000E+00
2.0000E+00
2.1000E+00
2.2000E+00
2.3000E+00
2.4000E+00
2.5500E+00
2.7000E+00
2.8000E+00
3.0000E+00
3.2000E+00
3.4000E+00
3.6000E+00
3.8000E+00
4.0000E+00
4.2500E+00
4.5000E+00
4.7500E+00
5.0000E+00
5.2500E+00
5.5000E+00
5.7500E+00
6.0000E+00
6.3000E+00
6.6000E+00
6.9000E+00
7.2000E+00
7.6000E+00
8.0000E+00
8.4000E+00
8.8000E+00
9.2000E+00
9.6000E+00
1.0000E+01
1.0500E+01
1.1000E+01
1.1500E+01
1.2000E+01
1.2750E+01
1.3500E+01
1.4250E+01
1.5000E+01
1.6000E+01
1.7000E+01
1.8000E+01
1.9000E+01
2.0000E+01
2.1000E+01
2.2000E+01
2.3000E+01
2.4000E+01
2.5500E+01
2.7000E+01
2.8000E+01
3.0000E+01
3.2000E+01
3.4000E+01
3.6000E+01
3.8000E+01
4.0000E+01
4.2500E+01
4.5000E+01
4.7500E+01
5.0000E+01
5.2500E+01
5.5000E+01
5.7500E+01
6.0000E+01
6.3000E+01
6.6000E+01
6.9000E+01
7.2000E+01
7.6000E+01
8.0000E+01
8.4000E+01
8.8000E+01
9.2000E+01
9.6000E+01
1.0000E+02
1.0500E+02
1.1000E+02
1.1500E+02
1.2000E+02
1.2750E+02
1.3500E+02
1.4250E+02
1.5000E+02
1.6000E+02
1.7000E+02
1.8000E+02
1.9000E+02
2.0000E+02
2.1000E+02
2.2000E+02
2.3000E+02
2.4000E+02
2.5500E+02
2.7000E+02
2.8000E+02
3.0000E+02
3.2000E+02
3.4000E+02
3.6000E+02
3.8000E+02
4.0000E+02
4.2500E+02
4.5000E+02
4.7500E+02
5.0000E+02
5.2500E+02
5.5000E+02
5.7500E+02
6.0000E+02
6.3000E+02
6.6000E+02
6.9000E+02
7.2000E+02
7.6000E+02
8.0000E+02
8.4000E+02
8.8000E+02
9.2000E+02
9.6000E+02
1.0000E+03
1.0500E+03
1.1000E+03
1.1500E+03
1.2000E+03
1.2750E+03
1.3500E+03
1.4250E+03
1.5000E+03
1.6000E+03
1.7000E+03
1.8000E+03
1.9000E+03
2.0000E+03
2.1000E+03
2.2000E+03
2.3000E+03
2.4000E+03
2.5500E+03
2.7000E+03
2.8000E+03
3.0000E+03
3.2000E+03
3.4000E+03
3.6000E+03
3.8000E+03
4.0000E+03
4.2500E+03
4.5000E+03
4.7500E+03
5.0000E+03
5.2500E+03
5.5000E+03
5.7500E+03
6.0000E+03
6.3000E+03
6.6000E+03
6.9000E+03
7.2000E+03
7.6000E+03
8.0000E+03
8.4000E+03
8.8000E+03
9.2000E+03
9.6000E+03
1.0000E+04
1.0500E+04
1.1000E+04
1.1500E+04
1.2000E+04
1.2750E+04
1.3500E+04
1.4250E+04
1.5000E+04
1.6000E+04
1.7000E+04
1.8000E+04
1.9000E+04
2.0000E+04
2.1000E+04
2.2000E+04
2.3000E+04
2.4000E+04
2.5500E+04
2.7000E+04
2.8000E+04
3.0000E+04
3.2000E+04
3.4000E+04
3.6000E+04
3.8000E+04
4.0000E+04
4.2500E+04
4.5000E+04
4.7500E+04
5.0000E+04
5.2500E+04
5.5000E+04
5.7500E+04
6.0000E+04
6.3000E+04
6.6000E+04
6.9000E+04
7.2000E+04
7.6000E+04
8.0000E+04
8.4000E+04
8.8000E+04
9.2000E+04
9.6000E+04
1.0000E+05
1.0500E+05
1.1000E+05
1.1500E+05
1.2000E+05
1.2750E+05
1.3500E+05
1.4250E+05
1.5000E+05
1.6000E+05
1.7000E+05
1.8000E+05
1.9000E+05
2.0000E+05
2.1000E+05
2.2000E+05
2.3000E+05
2.4000E+05
2.5500E+05
2.7000E+05
2.8000E+05
3.0000E+05
3.2000E+05
3.4000E+05
3.6000E+05
3.8000E+05
4.0000E+05
4.2500E+05
4.5000E+05
4.7500E+05
5.0000E+05
5.2500E+05
5.5000E+05
5.7500E+05
6.0000E+05
6.3000E+05
6.6000E+05
6.9000E+05
7.2000E+05
7.6000E+05
8.0000E+05
8.4000E+05
8.8000E+05
9.2000E+05
9.6000E+05
1.0000E+06
1.1000E+06
1.2000E+06
1.3000E+06
1.4000E+06
1.5000E+06
1.6000E+06
1.7000E+06
1.8000E+06
1.9000E+06
2.0000E+06
2.1000E+06
2.2000E+06
2.3000E+06
2.4000E+06
2.5000E+06
2.6000E+06
2.7000E+06
2.8000E+06
2.9000E+06
3.0000E+06
3.1000E+06
3.2000E+06
3.3000E+06
3.4000E+06
3.5000E+06
3.6000E+06
3.7000E+06
3.8000E+06
3.9000E+06
4.0000E+06
4.1000E+06
4.2000E+06
4.3000E+06
4.4000E+06
4.5000E+06
4.6000E+06
4.7000E+06
4.8000E+06
4.9000E+06
5.0000E+06
5.1000E+06
5.2000E+06
5.3000E+06
5.4000E+06
5.5000E+06
5.6000E+06
5.7000E+06
5.8000E+06
5.9000E+06
6.0000E+06
6.1000E+06
6.2000E+06
6.3000E+06
6.4000E+06
6.5000E+06
6.6000E+06
6.7000E+06
6.8000E+06
6.9000E+06
7.0000E+06
7.1000E+06
7.2000E+06
7.3000E+06
7.4000E+06
7.5000E+06
7.6000E+06
7.7000E+06
7.8000E+06
7.9000E+06
8.0000E+06
8.1000E+06
8.2000E+06
8.3000E+06
8.4000E+06
8.5000E+06
8.6000E+06
8.7000E+06
8.8000E+06
8.9000E+06
9.0000E+06
9.1000E+06
9.2000E+06
9.3000E+06
9.4000E+06
9.5000E+06
9.6000E+06
9.7000E+06
9.8000E+06
9.9000E+06
1.0000E+07
1.0100E+07
1.0200E+07
1.0300E+07
1.0400E+07
1.0500E+07
1.0600E+07
1.0700E+07
1.0800E+07
1.0900E+07
1.1000E+07
1.1100E+07
1.1200E+07
1.1300E+07
1.1400E+07
1.1500E+07
1.1600E+07
1.1700E+07
1.1800E+07
1.1900E+07
1.2000E+07
1.2100E+07
1.2200E+07
1.2300E+07
1.2400E+07
1.2500E+07
1.2600E+07
1.2700E+07
1.2800E+07
1.2900E+07
1.3000E+07
1.3100E+07
1.3200E+07
1.3300E+07
1.3400E+07
1.3500E+07
1.3600E+07
1.3700E+07
1.3800E+07
1.3900E+07
1.4000E+07
1.4100E+07
1.4200E+07
1.4300E+07
1.4400E+07
1.4500E+07
1.4600E+07
1.4700E+07
1.4800E+07
1.4900E+07
1.5000E+07
1.5100E+07
1.5200E+07
1.5300E+07
1.5400E+07
1.5500E+07
1.5600E+07
1.5700E+07
1.5800E+07
1.5900E+07
1.6000E+07
1.6100E+07
1.6200E+07
1.6300E+07
1.6400E+07
1.6500E+07
1.6600E+07
1.6700E+07
1.6800E+07
1.6900E+07
1.7000E+07
1.7100E+07
1.7200E+07
1.7300E+07
1.7400E+07
1.7500E+07
1.7600E+07
1.7700E+07
1.7800E+07
1.7900E+07
1.8000E+07
1.8100E+07
1.8200E+07
1.8300E+07
1.8400E+07
1.8500E+07
1.8600E+07
1.8700E+07
1.8800E+07
1.8900E+07
1.9000E+07
1.9100E+07
1.9200E+07
1.9300E+07
1.9400E+07
1.9500E+07
1.9600E+07
1.9700E+07
1.9800E+07
1.9900E+07
2.0000E+07
2.0500E+07
2.1000E+07
2.1500E+07
2.2000E+07
2.2500E+07
2.3000E+07
2.3500E+07
2.4000E+07
2.4500E+07
2.5000E+07
2.5500E+07
2.6000E+07
2.6500E+07
2.7000E+07
2.7500E+07
2.8000E+07
2.8500E+07
2.9000E+07
2.9500E+07
3.0000E+07
3.1000E+07
3.2000E+07
3.3000E+07
3.4000E+07
3.5000E+07
3.6000E+07
3.7000E+07
3.8000E+07
3.9000E+07
4.0000E+07
4.2000E+07
4.4000E+07
4.6000E+07
4.8000E+07
5.0000E+07
5.2000E+07
5.4000E+07
5.6000E+07
5.8000E+07
6.0000E+07