1.397520429780973820e+06 3.518378995748898014e+05
2.052637677523181541e+06 4.867990018194641452e+05
2.020259182213986758e+06 4.522913949131257832e+05
1.799619033639571164e+06 3.816721897953413427e+05
1.530509326873415848e+06 3.091012341861550231e+05
1.267276641806824598e+06 2.454546963958668057e+05
1.031244809379990096e+06 1.932945206928761909e+05
8.290460001704947790e+05 1.520068482239436125e+05
6.605694958969557192e+05 1.198993157698614523e+05
5.227588512183770072e+05 9.510024829489027616e+04
4.114957346045612940e+05 7.592762902743770974e+04
3.225306115058484720e+05 6.101014400783990277e+04
2.519193152914836828e+05 4.929218754415996955e+04
1.962002242308875138e+05 3.998945629462259240e+04
1.524369671597681299e+05 3.253014587427675724e+04
1.181945065995183541e+05 2.649929627062333748e+04
9.148557976144543500e+04 2.159344161380108562e+04
7.070737338963647198e+04 1.758683580094233912e+04
5.457872009450494079e+04 1.430773716590838740e+04
4.208272972374211531e+04 1.162236701397236902e+04
3.241679658196362288e+04 9.424268135173384508e+03
2.495032883757722448e+04 7.627264749887446669e+03
1.918974175700594787e+04 6.160741280282480147e+03
1.474989902948431882e+04 4.966384441439955481e+03
1.133107614679697326e+04 3.995843977874183111e+03
8.700539735498608934e+03 3.208976633497846706e+03
6.677919400392866009e+03 2.572471468473413552e+03
5.123655818444359284e+03 2.058736451312376630e+03
3.929919669880389847e+03 1.644974759548650582e+03
3.013499853377705222e+03 1.312407184821699047e+03
2.310251542133765270e+03 1.045612786566100112e+03
1.770773541979833908e+03 8.319686683628776791e+02
1.357050423284648787e+03 6.611745870149470647e+02
1.039849188368240220e+03 5.248508624333319403e+02
7.967043184702987446e+02 4.161997550932866261e+02
6.103604671008615696e+02 3.297216789220403825e+02
4.675700863522661166e+02 2.609787673073365113e+02
3.581636007035567673e+02 2.064007924326579086e+02
2.743195332902312202e+02 1.631383656218281999e+02
2.100519263207230267e+02 1.290926833147362061e+02
1.628193397680922487e+02 1.090958546750711378e+02
1.610534823953453269e+02 2.384518881594611344e+02
5.240971805782151023e+02 1.238054249595483498e+03
3.758807410244513903e+03 6.163893705077529376e+03
2.549205839134747293e+04 2.525556018159301675e+04
1.348630603929309582e+05 7.261794717405302799e+04
4.054907648142034304e+05 1.599490241196763818e+05
1.963032096648206061e+05 8.970737362109791138e+04
4.117445386701224197e+04 3.501319991074591235e+04
6.346835536221469738e+03 9.238810707071575962e+03
7.957798305691850373e+02 1.936487027015324202e+03
8.395758462283005485e+01 3.613744860549471696e+02
1.122432801208575981e+01 6.481621758399631972e+01
5.016091505428916797e+00 1.167989770992478782e+01
3.819557725049546715e+00 3.893945516786626815e+00
2.963774418189145443e+00 2.792498807080844969e+00
2.279196554488387871e+00 2.184407216226335269e+00
1.748966852109223202e+00 1.714942842592729777e+00
1.341815303699659623e+00 1.346678169394460056e+00
1.029550998706724396e+00 1.057493360616361233e+00
7.900653820554347506e-01 8.304020971243465388e-01
6.063744441619116632e-01 6.520824167952712358e-01
4.654604973738836193e-01 5.120666774925810572e-01
3.573469638302576024e-01 4.021303965572461947e-01
2.743872121938427666e-01 3.158127682271127945e-01
2.107197577001288513e-01 2.480393324341519934e-01
1.618509795311800226e-01 1.948250845285628141e-01
1.243354875097471834e-01 1.530409630158240109e-01
9.553126599139677433e-02 1.202302487396909314e-01
7.341208369882923357e-02 9.446425175905387439e-02
