1.405913299853480421e+06 2.561970226244681980e+05
2.080608051721304189e+06 4.211724357645488344e+05
2.063257576089143287e+06 4.589843867555242032e+05
1.851765011623309925e+06 4.486803555169063620e+05
1.586683931172873126e+06 4.156170745787408669e+05
1.323624390073123854e+06 3.724255206707788166e+05
1.085133448524720967e+06 3.261556676704210695e+05
8.788535387725671753e+05 2.808166843974492513e+05
7.054407613430089550e+05 2.386030258473891299e+05
5.623857919677685713e+05 2.005891888406701619e+05
4.459384774582411046e+05 1.671575480897238594e+05
3.520804248418799834e+05 1.382725324880821281e+05
2.769983842006718623e+05 1.136588859355698805e+05
2.172913057199862960e+05 9.291732067868547165e+04
1.700361132431987207e+05 7.559840355215597083e+04
1.327809400661803666e+05 6.124837782232466270e+04
1.035039181021621043e+05 4.943618365731285303e+04
8.055846466991025954e+04 3.976802285579753516e+04
6.261627823074687331e+04 3.189383095100791252e+04
4.861370887787900574e+04 2.550864724791751360e+04
3.770403331470114790e+04 2.035091490257420082e+04
2.921642838093315368e+04 1.619907270602785138e+04
2.262151703582076152e+04 1.286733273004541843e+04
1.750291236998370005e+04 1.020121429836229072e+04
1.353400518755234953e+04 8.073183018223713589e+03
1.045920834352383463e+04 6.378593944824850041e+03
8.078915219315049399e+03 5.032038917487119761e+03
6.237509115037282754e+03 3.964134333003170468e+03
4.813851477156134933e+03 3.118746126776559322e+03
3.713767035655323070e+03 2.450625710778224402e+03
2.864126719620398944e+03 1.923418561582197071e+03
2.208201969434984676e+03 1.508002211783219536e+03
1.702026157686642136e+03 1.181109913255209676e+03
1.311550761975116302e+03 9.241983984109122048e+02
1.010426719665908422e+03 7.225217533541115245e+02
7.782762486965193602e+02 5.643776426401607296e+02
5.993485594618022105e+02 4.404964888083480901e+02
4.614754442966144552e+02 3.435484108642245928e+02
3.552609862942621817e+02 2.677468672730535104e+02
2.734860564692592106e+02 2.085635684585711829e+02
2.126839520705219684e+02 1.645366586862636495e+02
2.391641592079485577e+02 2.034685197773275718e+02
1.549098411122330617e+03 1.522641971602567992e+03
1.410640994057240823e+04 1.408680580289515638e+04
7.355825967898152885e+04 7.351209732254658593e+04
2.155198527540433861e+05 1.953845155843765533e+05
4.295582155597575475e+05 1.828499111629603431e+05
2.724874959187668283e+05 2.141935793330144952e+05
1.032487645322493772e+05 1.029789693055823300e+05
2.330762178773602136e+04 2.330437119502180940e+04
2.819981527985842604e+03 2.817594144978865643e+03
1.918231438732707943e+02 1.900574324472624994e+02
1.518013289784461683e+01 1.387445820762135718e+01
7.042088783361019289e+00 6.076769495461280535e+00
5.327569966277859947e+00 4.614009688032236767e+00
4.094015298970929528e+00 3.566643605165340958e+00
3.146538173156665064e+00 2.756836683339228156e+00
2.418205187291937897e+00 2.130280494670262925e+00
1.858360877472783335e+00 1.645664683670639450e+00
1.428053267831694395e+00 1.270953070730628909e+00
1.097328939221148714e+00 9.813091481949489658e-01
8.431559275500124517e-01 7.574861198330407053e-01
6.478256177610852706e-01 5.845748504646759436e-01
4.977232907624891678e-01 4.510307040524048072e-01
3.823823733788369594e-01 3.479175585614292521e-01
2.937569914113764558e-01 2.683208334283411212e-01
2.256624838685455658e-01 2.068919674884535931e-01
1.733451324721345110e-01 1.594950745129258829e-01
1.331512891318248903e-01 1.229329789987850252e-01
1.022729577810939094e-01 9.473488931064846796e-02
