1.094548369426794898e-01 4.567087879931028271e-03
4.531319434071707786e-01 1.890728143725850519e-02
5.818397820997306402e-01 2.427771573293735496e-02
7.470945188569613205e-01 3.117309766786635628e-02
9.592943151901734966e-01 4.002729858787468231e-02
1.231694072530602924e+00 5.139338952542860106e-02
1.581620359645225182e+00 6.599433498741280602e-02
2.030821635751746790e+00 8.473760628596682665e-02
2.607646344110647441e+00 1.088060641812567120e-01
3.348213988311580902e+00 1.397068229469056178e-01
4.299260803378549767e+00 1.793899882017591096e-01
5.520328605782518494e+00 2.303399883726395814e-01
7.088142570116358954e+00 2.957582408181247402e-01
9.101426557548927931e+00 3.797640751393416281e-01
1.168637474285921130e+01 4.876230410575210783e-01
1.500606284965755677e+01 6.261395994956799882e-01
1.926810698492593588e+01 8.039766933840866159e-01
2.473954444004319697e+01 1.032276660613060670e+00
3.176619875174003482e+01 1.325469256205906277e+00
4.078798993010604335e+01 1.701910483445246314e+00
5.237284256966992047e+01 2.185297436080759326e+00
6.724729625666947186e+01 2.805945541290270739e+00
8.634569859207795162e+01 3.602841176681607749e+00
1.108670206134759155e+02 4.626012337792190010e+00
1.423502137953589681e+02 5.939672967315630103e+00
1.827822916388285535e+02 7.626732743175892892e+00
2.346777913181231270e+02 9.792112677297865275e+00
3.013155184797956849e+02 1.257262347578915751e+01
3.868796214435471938e+02 1.614285196927789912e+01
4.967093240664519271e+02 2.072558141017213984e+01
6.377114504591922923e+02 2.660900438607984597e+01
8.187052178761143750e+02 3.416110957030082318e+01
1.051026034817343316e+03 4.385487566547681126e+01
1.349189170921150435e+03 5.629596354407863146e+01
1.731795424899773252e+03 7.226050594476487277e+01
2.222748884081303004e+03 9.274591943281757267e+01
2.456024327696249202e+03 1.024795180656242337e+02
2.713715242601466343e+03 1.132318711557691131e+02
2.852482206849323120e+03 1.190220302593193082e+02
2.998292635327561584e+03 1.251060833653436930e+02
3.312763008886337047e+03 1.382276033620319140e+02
3.660012944533477821e+03 1.527168759853284428e+02
4.043568560429604076e+03 1.687210312476127001e+02
4.695278929106226315e+03 1.959141513430467967e+02
6.021796650464842969e+03 2.512641310876906573e+02
7.720547154389672869e+03 3.221458121006990041e+02
9.894315921605986659e+03 4.128479982062381168e+02
1.147984428414668946e+04 4.790053976424860593e+02
1.267337286992665577e+04 5.288063026616182469e+02
1.622057046493908274e+04 6.768158707758666424e+02
2.074271557282986032e+04 8.655058792800482479e+02
2.344761435977985821e+04 9.783698769925358647e+02
2.523296787266431056e+04 1.052865135656684288e+03
2.585707963980350905e+04 1.078906682718839875e+03
2.649612463701367233e+04 1.105571330376369588e+03
2.781983411537416760e+04 1.160804134006019012e+03
2.879957111635570618e+04 1.201684419498069474e+03
3.035701105461454426e+04 1.266669807667505665e+03
3.379298852323983738e+04 1.410038629831964499e+03
3.633879299460621405e+04 1.516264293956250185e+03
4.301762639482949453e+04 1.794943792517035035e+03
4.849186485408680164e+04 2.023360633814045286e+03
5.462548073476166610e+04 2.279290508922742447e+03
5.865030907081506302e+04 2.447229589787835721e+03
6.914869392349611735e+04 2.885282832191733178e+03
7.358708848597103497e+04 3.070478284296303173e+03
8.064580473944306141e+04 3.365008689252164913e+03
8.345307300271562417e+04 3.482144132682777126e+03
8.717803647677542176e+04 3.637571119837972219e+03
9.770291602764624986e+04 4.076729874052645755e+03
1.093391656356292078e+05 4.562261405019162339e+03
1.143245004464847152e+05 4.770278362771161483e+03
1.194930082477474352e+05 4.985938355475154822e+03
1.248703249872539891e+05 5.210311062918059179e+03
1.304465434640992316e+05 5.442983099465724081e+03
1.362196688516952854e+05 5.683871229433163535e+03
1.422112724563824886e+05 5.933875532291422132e+03
1.484005854057654797e+05 6.192129410747525981e+03
1.548141483639654471e+05 6.459740294576360611e+03
1.614290690108129056e+05 6.735752983981219586e+03
1.682680661447419552e+05 7.021115438429987989e+03
1.753133741977044847e+05 7.315086375830549514e+03
1.825685916321955447e+05 7.617815944818721619e+03
1.900349983420156059e+05 7.929357549955049763e+03
1.977045145899819036e+05 8.249374057945125969e+03
2.055740230923625058e+05 8.577735397709911922e+03
2.136378630188108073e+05 8.914205366717069410e+03
2.303065607847482315e+05 9.609719696347950958e+03
2.388932630502320535e+05 9.968006501578900497e+03
2.432425355887368205e+05 1.014948326817920315e+04
2.448336044388414302e+05 1.021587184875199455e+04
2.455872564550088427e+05 1.024731856307605631e+04
2.476250877114449104e+05 1.033234865121630719e+04
2.654829182936011930e+05 1.107748046897543827e+04
2.837206892464788398e+05 1.183846559309080476e+04
2.929222086730388110e+05 1.222240612074418459e+04
3.021421234623925411e+05 1.260711420916341012e+04
3.205070612191166147e+05 1.337340546670136973e+04
3.385260674904044718e+05 1.412526246497273678e+04
3.473022560835815966e+05 1.449145573404565221e+04
3.558574044839596027e+05 1.484842592980631161e+04
3.641453913884267677e+05 1.519424860514630564e+04
3.721123613340901793e+05 1.552667659914778778e+04
3.797008496168231359e+05 1.584331215250591049e+04
3.868524907525050221e+05 1.614171992017264711e+04
3.935038924300327199e+05 1.641925480884913122e+04
3.995965148070822470e+05 1.667347419825615361e+04
4.050621707277560490e+05 1.690153292648080969e+04
4.098364949147244333e+05 1.710074530245451024e+04
4.138548078486922896e+05 1.726841252311930293e+04
4.170504395826300024e+05 1.740175273327768082e+04
4.196548110550559941e+05 1.751042215090041282e+04
4.207228982901715208e+05 1.755498891836783150e+04
4.203750969500303036e+05 1.754047663796477718e+04
4.185624761600423953e+05 1.746484363103611395e+04
4.155937749246084131e+05 1.734097227175952867e+04
4.114416681245022919e+05 1.716772239836305380e+04
4.060803832838644739e+05 1.694401863432239043e+04
3.995027692855486530e+05 1.666956259373365901e+04
3.916832678531451384e+05 1.634328783771046437e+04
3.826494232452438446e+05 1.596634367178450339e+04
3.724249473323794082e+05 1.553971949212625623e+04
3.610488118933878141e+05 1.506504142640426289e+04
3.485620231521916576e+05 1.454402049108420033e+04
3.350356356245295610e+05 1.397962149089033483e+04
3.205584723938831012e+05 1.337555063780321507e+04
3.052364932707643602e+05 1.273622918701713206e+04
2.891768466677631950e+05 1.206612798906868557e+04
2.781241101401496562e+05 1.160494399350188905e+04
2.725016959958864609e+05 1.137034440693759825e+04
2.696766546761076315e+05 1.125246736895322101e+04
2.668339185520304600e+05 1.113385200154909398e+04
2.553470303104913328e+05 1.065455268932657782e+04
2.378742871140624338e+05 9.925488941112766042e+03
2.202257952013708418e+05 9.189091941538179526e+03
2.025643105957004009e+05 8.452152811781998025e+03
1.850432386165004573e+05 7.721072507660661358e+03
1.678172645964019466e+05 7.002305394532537321e+03
1.510582567701667431e+05 6.303022807661094703e+03
1.194494295387261664e+05 4.984120000075316057e+03
9.118822604998142924e+04 3.804899386981895077e+03
6.695641852468594152e+04 2.793808442761859624e+03
5.647120147173699661e+04 2.356304639852365653e+03
4.709697448701338726e+04 1.965157794930964883e+03
3.880988375768082915e+04 1.619373043855397555e+03
3.158796208218722313e+04 1.318039558641095937e+03
2.537333403646879742e+04 1.058810477646289655e+03
2.010342462518234970e+04 8.397987038087958354e+02
1.570656936566998047e+04 6.647525550699447194e+02
1.324000520697506909e+04 5.917207173696442624e+02
1.215312834257422583e+04 5.851764446701581619e+02
9.697214778247227514e+03 9.425740030291508447e+02
9.871746227147908940e+03 3.356807682172675413e+03
1.773517855302495809e+04 1.296620472270594837e+04
4.218723071731645177e+04 3.784094627065615350e+04
9.225980500479436887e+04 6.519577694641651760e+04
1.413372679327723745e+05 5.992835609669709811e+04
8.795185960972240719e+04 6.463418667349130556e+04
3.205565037716478037e+04 3.095792939732897867e+04
6.788118180227990706e+03 6.313066235736675480e+03
8.761840814177644461e+02 5.780470276103035303e+02
3.254124867300967594e+02 1.425785744929682437e+02
7.630005688201022167e+03 6.829782243528167783e+03
3.698191772374655557e+04 2.688923495812145848e+04
1.268620419597741275e+05 5.893963653457516921e+04
3.157624754981319420e+05 6.749719459605123848e+04
1.846042597938785329e+05 6.740582226096140221e+04
5.632793340390716912e+04 3.665678536853959667e+04
9.820744005474196456e+03 8.713531514953476290e+03
9.698082921276729849e+02 9.412822297959405660e+02
0.000000000000000000e+00 0.000000000000000000e+00
0.000000000000000000e+00 0.000000000000000000e+00
0.000000000000000000e+00 0.000000000000000000e+00
0.000000000000000000e+00 0.000000000000000000e+00
0.000000000000000000e+00 0.000000000000000000e+00
