3.541800444857470575e+05 5.504345576267183060e+04
9.416800615319279023e+05 1.691875259326633532e+05
1.221519138239081018e+06 2.488280766427065246e+05
1.309517038703338243e+06 2.979136111787525006e+05
1.282955346236735582e+06 3.220542264638294000e+05
1.192614882407867350e+06 3.270851761990401428e+05
1.071191030225673923e+06 3.183328898861610796e+05
9.391511583656764124e+05 3.003001167859248817e+05
8.087906474514228757e+05 2.765901240371600725e+05
6.870243034438733011e+05 2.499578195493982639e+05
5.772932498112366302e+05 2.224198570434979629e+05
4.808558009123704396e+05 1.953841093823210103e+05
3.976514776494894177e+05 1.697767314686590107e+05
3.268710153986574733e+05 1.461559980533759808e+05
2.673253301439980278e+05 1.248086243679566542e+05
2.176782252305957372e+05 1.058279749745324370e+05
1.765877586095047300e+05 8.917550377007067436e+04
1.427872349508769112e+05 7.472763951528471080e+04
1.151270164862030215e+05 6.231058210498849803e+04
9.259153410114991129e+04 5.172538597604402457e+04
7.430115340280628880e+04 4.276545149864065752e+04
5.950528960249329248e+04 3.522822590819084871e+04
4.757093098067968094e+04 2.892259071178201702e+04
3.796921295316890610e+04 2.367311310374247114e+04
3.026166436795101981e+04 1.932207839668744782e+04
2.408707065429037175e+04 1.573000259151495266e+04
1.914945691533592981e+04 1.277514732458827348e+04
1.520741268410753764e+04 1.035241922329052250e+04
1.206480652094883590e+04 8.371926825543772793e+03
9.562836761698186820e+03 6.757385238538452541e+03
7.573309711960775530e+03 5.444496595664968481e+03
5.993011525021534908e+03 4.379388716514844418e+03
4.739033505612832414e+03 3.517161475230476753e+03
3.744915062340036911e+03 2.820567201382515577e+03
2.957479016918712205e+03 2.258835543489946303e+03
2.334247280236209008e+03 1.806642706906719468e+03
1.841339039079654412e+03 1.443218356909666909e+03
1.451767381552997676e+03 1.151579628364210521e+03
1.144063069431383838e+03 9.178797598391340671e+02
9.011656268909739538e+02 7.308582469137768385e+02
7.095319542029919830e+02 5.813796309052036122e+02
5.584213168490066437e+02 4.620487795608747774e+02
4.393229467088817728e+02 3.668915925171992285e+02
3.455009326720790455e+02 2.910934991935060339e+02
2.717085045094224824e+02 2.308615943494352223e+02
2.156351970702920369e+02 1.849845397390646156e+02
2.027173046377402557e+02 1.797288597988868446e+02
5.175817122191709814e+02 5.003480490995167429e+02
3.012574706764913572e+03 2.999660921137153309e+03
1.508541495371498422e+04 1.507558827944369295e+04
5.304629255888525950e+04 5.295055975718952686e+04
1.315746128172599419e+05 1.240681669140302693e+05
2.579465132507115777e+05 1.640762100519192463e+05
3.250369647099191789e+05 1.516275862890368444e+05
2.078082109538273071e+05 1.605139909708963241e+05
9.830651430647277448e+04 9.640077930177988310e+04
3.521810295466202660e+04 3.520552019232953899e+04
8.718615948399423360e+03 8.717660681696084794e+03
1.482544744393317160e+03 1.481838921643241065e+03
1.776909341161318423e+02 1.771640975788900221e+02
1.907840657028536668e+01 1.868527873458563704e+01
5.091866513403143557e+00 4.798593142302316039e+00
3.439646768660217457e+00 3.220922868250257753e+00
2.671149690100926399e+00 2.508066840534016073e+00
2.089410177670949498e+00 1.967844137128012871e+00
1.634488675121057666e+00 1.543892155527534227e+00
1.278409915845731160e+00 1.210909072832727418e+00
9.997413938032281289e-01 9.494598785611169101e-01
7.816928268312531847e-01 7.442462695479327150e-01
6.111066838566202586e-01 5.832247693587923054e-01
4.776743009002247797e-01 4.569183278552922944e-01
3.733207041477564769e-01 3.578725725140985969e-01
2.917218757606534485e-01 2.802264881590486034e-01
2.279260437563584152e-01 2.193736357821512162e-01
1.780566525426327817e-01 1.716949614736595631e-01
1.390794522427918622e-01 1.343481763953638108e-01
1.086199075390037599e-01 1.051018125627141281e-01
8.482008647199273943e-02 8.220454004390609359e-02
6.622651699018090865e-02 6.428229969772671082e-02
5.170232854403618988e-02 5.025736629164920949e-02
