4.575673427250492751e-11 3.004695904224519864e-09
6.520276855217627392e-09 4.191588384987996199e-07
6.102831946523277354e-07 3.780091003165400061e-05
3.792637723331229157e-05 2.211040254186260635e-03
1.607541443046364444e-03 8.470248605438678025e-02
8.625254908565666012e-02 3.661980750497278336e+00
1.078842420959526116e+01 6.905789580207522249e+02
4.020386769022931617e+02 2.443555503881584445e+04
4.908340893039329785e+03 1.991333659458530892e+05
5.608002951868311357e+03 1.710075000802822469e+05
1.123681135469965920e+04 1.976803685371310567e+05
3.216974497534579496e+04 3.940425973444758565e+05
4.732623480872627260e+04 4.567416240474999067e+05
6.658790418931585737e+04 5.036335097451158799e+05
9.485249719183366688e+04 5.691184412191006122e+05
1.437558778294067015e+05 6.846622347325440496e+05
2.182689482169455441e+05 8.356847566202293383e+05
2.652009683817684418e+05 8.476978144197255606e+05
3.191290226035907981e+05 9.128567342801273335e+05
3.095655419692270807e+05 8.490525149853222538e+05
2.993312944716901984e+05 8.017515614650419448e+05
2.803609913806885015e+05 7.669658179920980474e+05
2.319489346477471408e+05 7.001825888787545264e+05
1.781010704219291511e+05 6.236467197155629983e+05
9.664712930856655294e+04 5.118195559599436820e+05
5.609656497339332418e+04 4.596140240503009409e+05
1.514257004573481754e+04 3.718044929394394858e+05
-1.427526713300724987e+04 3.235177879090413917e+05
-3.273924381480283046e+04 2.960150967197197606e+05
-3.286762518769445887e+04 2.850353838265375234e+05
-2.745971579051005392e+04 2.375836327220348758e+05
-1.952217935638448762e+04 2.067301368771762354e+05
-1.151336087318166574e+04 1.553751087962443999e+05
-5.406822310205197027e+03 1.011757670516469370e+05
-2.038352717304822136e+03 4.473374929463475564e+04
-1.906680949208954644e+03 6.232603935084831755e+04
-2.433327222654696016e+03 1.012406478752597468e+05
-1.900634017849057273e+03 9.570294207444181666e+04
-9.003153854083014949e+02 5.306710027063058078e+04
-2.174682999049348666e+02 1.424194167722799830e+04
-2.495701619728110643e+01 1.718817783788616907e+03
-1.307881026398626689e+00 9.175811769240546312e+01
-3.063246734453664577e-02 2.161461008441698528e+00
-3.178191431767153304e-04 2.246045297871301569e-02
-1.456289930121875584e-06 1.029549800793650810e-04
-2.944418199865605792e-09 2.081772545440183653e-07
-2.626249381841713522e-12 1.856847522220232658e-10
-1.033320111183861286e-15 7.305942649804717705e-14
-1.793460372364924564e-19 1.268041088990402365e-17
-1.373111755206089551e-23 9.708395173162666521e-22
