4.365034370065249392e-157 4.365034370065249392e-157
9.614160640044407020e-145 9.614160640044407020e-145
6.904010373339663864e-133 6.904010373339663864e-133
1.616433529360511400e-121 1.616433529360511400e-121
1.233901862225369219e-110 1.233901862225369219e-110
3.070928770625410884e-100 3.070928770625410884e-100
2.491869078448916968e-90 2.491869078448916968e-90
6.592453162615973189e-81 6.592453162615973189e-81
5.686371626755512918e-72 5.686371626755512918e-72
1.599152125112175101e-63 1.599152125112175101e-63
1.466258943616210744e-55 1.466258943616210744e-55
4.383266971285694327e-48 4.383266971285694327e-48
4.272199511766361555e-41 4.272199511766361555e-41
1.357598918442026303e-34 1.357598918442026303e-34
1.406558484586271112e-28 1.406558484586271112e-28
4.751194207472545042e-23 4.751362197857920731e-23
-9.565872435755896218e-09 9.565872446221383674e-09
-3.157922494847529720e+02 3.157922494847533699e+02
-3.021934698205284076e+04 3.021934698205723907e+04
-8.374139443482574510e-03 8.390931916577278396e-03
1.044886461864645913e-02 1.044886461864647301e-02
4.239551285414546733e+00 4.239551285414546733e+00
5.608374919164508583e+02 5.608374919164508583e+02
2.418914611493355551e+04 2.418914611493355551e+04
3.401499343956353259e+05 3.401499343956353259e+05
1.559504381966963410e+06 1.559504381966963410e+06
2.331144320865293499e+06 2.331144320865293499e+06
1.136103970846995944e+06 1.136103970846995944e+06
1.805233350691951055e+05 1.805233350691951055e+05
9.352225565672570156e+03 9.352225565672570156e+03
1.579657565977415459e+02 1.579657565977415459e+02
8.699159326619415600e-01 8.699159326619415600e-01
1.561917074257710781e-03 1.561917074257710781e-03
9.143343042527838585e-07 9.143343042527838585e-07
1.745092330573228572e-10 1.745092330573228572e-10
1.085920820224935279e-14 1.085920820224935279e-14
2.203151000943680824e-19 2.203151000943680824e-19
1.457326031534451902e-24 1.457326031534451902e-24
3.142935983532157491e-30 3.142935983532157491e-30
2.209941116427733198e-36 2.209941116427733198e-36
5.066315402587547562e-43 5.066315402587547562e-43
3.786780207774862458e-50 3.786780207774862458e-50
9.228143261596715308e-58 9.228143261596715308e-58
7.332041455746855409e-66 7.332041455746855409e-66
1.899336218020473126e-74 1.899336218020473126e-74
1.604150614417567494e-83 1.604150614417567494e-83
4.417278570160287205e-93 4.417278570160287205e-93
3.965799822284285135e-103 3.965799822284285135e-103
1.160842082963197068e-113 1.160842082963197068e-113
1.107852272394385307e-124 1.107852272394385307e-124
