7.311981337271290831e+05 1.641596654126688372e+05
2.739150304271229077e+06 7.381049593913503923e+05
2.449493063719852362e+06 7.673709648125888780e+05
1.718256443982411642e+06 6.113484271516092122e+05
1.085681894396832911e+06 4.308969177000743803e+05
6.473252108585298993e+05 2.825273585603354732e+05
3.720737741623628535e+05 1.765109359971091035e+05
2.085710224244145793e+05 1.065083280711097177e+05
1.148220651029154251e+05 6.259952334857283859e+04
6.235935380670434824e+04 3.604128989739546523e+04
3.351333894070462702e+04 2.040865876129148091e+04
1.786161537619878072e+04 1.139973063209808242e+04
9.455924322689663313e+03 6.295234526286110849e+03
4.978377629663763400e+03 3.442875150684129949e+03
2.608981380335352696e+03 1.867331826629429997e+03
1.361959457775999908e+03 1.005532005109487272e+03
7.087965208342536698e+02 5.382486968531793536e+02
6.455475696751615260e+02 5.642121128612064922e+02
3.544350414551097492e+04 3.331502136725732998e+04
4.988629280303459382e+05 1.611227829006002285e+05
3.393312395215232391e+05 1.592715593305554939e+05
1.493812579160251698e+04 1.461737097920002998e+04
8.179567880975602634e+01 7.988080204298859144e+01
6.886622341343118237e+00 5.989168132698965863e+00
3.514850699493668351e+00 3.094618510808309075e+00
1.798275028413485410e+00 1.601839163937208488e+00
9.190176765276785176e-01 8.273397324262146135e-01
4.691856786394387746e-01 4.264615535639850186e-01
2.393035248294312356e-01 2.194200754085686156e-01
1.219448875224458800e-01 1.127029780948994170e-01
