2.710614383661744650e+06 8.188430652007786557e+05
1.400606106949771056e+06 4.521621642360365950e+05
2.134912993670940050e+05 8.135818702627747552e+04
2.876151905267558686e+04 1.328755081938126750e+04
3.705991438770737659e+03 2.062711513678659685e+03
4.799671062715009953e+02 3.274894779528950153e+02
8.232208926284642657e+05 4.980434054082783405e+04
2.735738303041840780e+01 1.585846212778556605e+02
9.155714882730716653e-01 9.405818661260441083e-01
1.146647071179754257e-01 1.342088241411707461e-01
