2.702103227298553102e+06 7.575653058903920464e+05
1.441874988204773981e+06 5.553957942263307050e+05
2.265465074129704735e+05 1.089550423095148872e+05
3.138419132115040702e+04 1.777737174599254649e+04
4.145701793736968284e+03 2.658534000812223894e+03
5.366202583346469055e+02 3.791238678679499117e+02
8.262512974630738609e+05 5.207294259844766930e+04
1.238583060385776413e+01 1.071219389822240053e+01
1.082534879258159499e+00 9.129353797329817777e-01
1.355687868531382789e-01 1.185155481866591587e-01
