6.043534148849883350e+05 9.176081070696958341e+04
1.924891079716594424e+06 3.649224427146916278e+05
2.186525499560594559e+06 4.958524112438829616e+05
1.994320211238948628e+06 5.251484744199244305e+05
1.648714601293173619e+06 4.931753919362770393e+05
1.289179872303601587e+06 4.307271018760229927e+05
9.727286192032452673e+05 3.581535100815992337e+05
7.160790535096506355e+05 2.873755535779417260e+05
5.177621594494613819e+05 2.244106817730728071e+05
3.693166177917736350e+05 1.715352151291756891e+05
2.606588929072424362e+05 1.288718279829451058e+05
1.824256272425932111e+05 9.544879774366773199e+04
1.268027431870760338e+05 6.985363204566552304e+04
8.764422105302868295e+04 5.060475160939223133e+04
6.029391452427500917e+04 3.634089078448344662e+04
4.131394633126055851e+04 2.590010839021142601e+04
2.821279590340406139e+04 1.833661930298329389e+04
1.920995497368456199e+04 1.290592379933012489e+04
1.304680856641013452e+04 9.036431091619400831e+03
8.841327981848713534e+03 6.297746188022956630e+03
5.979711501299042538e+03 4.370800091230889848e+03
4.037272604261580000e+03 3.022058194809622819e+03
2.721582777074506339e+03 2.082407089843841277e+03
1.832098743827280714e+03 1.430488960372598513e+03
1.231765959205792797e+03 9.798916318910598875e+02
8.271976835258533356e+02 6.695004236775641857e+02
5.549260875438824314e+02 4.563475269160178414e+02
3.719456940542712005e+02 3.104124388640273651e+02
2.540449855965858887e+02 2.156873443469233393e+02
4.694428487066720663e+02 4.455612340016882627e+02
7.109368991298118999e+03 7.087235314459070651e+03
6.381592167513308232e+04 5.973604281870870909e+04
2.774207897614520625e+05 1.385494893119557528e+05
4.122542089094021358e+05 1.231046060669689905e+05
1.499843239554604806e+05 1.132342523474519548e+05
2.486847173313945677e+04 2.458204941236124432e+04
1.782411832896712440e+03 1.781435742911364287e+03
5.509562569395382070e+01 5.457590698424313302e+01
4.854000408274863787e+00 4.533108080382394434e+00
2.892298687788398048e+00 2.694302615016471947e+00
1.921389683065005238e+00 1.799302024050673188e+00
1.276744989063721913e+00 1.201510192510697905e+00
8.480341902891832540e-01 8.016990608071352664e-01
5.630526277369737320e-01 5.345320311505098454e-01
3.736949368536907068e-01 3.561490810976399857e-01
2.479269808993636859e-01 2.371382934626360683e-01
1.644273717799158152e-01 1.577968076891420324e-01
1.090117336647701690e-01 1.049385946510937445e-01
7.224802103130902042e-02 6.974702279308551967e-02
4.786705933199066065e-02 4.633205034588940008e-02
