1.350000000000000000e+01 1.357008572423734449e+01 4.637739486627293628e-01
2.500000000000000000e-01 2.135281721006733191e-01 5.050369119492048586e-02
5.000000000000000000e+05 5.389436914071083302e+05 1.014311044574622647e+05
9.000000000000000000e+00 9.968904275415406246e+00 7.588995526887652998e-01
1.000000000000000000e+00 9.270550530513961274e-01 1.367407208495101945e-01
1.000000000000000000e+05 7.084860411078153993e+04 2.770716954794677076e+04
1.000000000000000000e+00 7.168915040366018454e-01 1.670349778369755733e-01
5.000000000000000000e+05 7.842565985154156806e+05 1.772037049403507262e+05
1.100000000000000089e+00 1.077907716028200458e+00 3.054549763838627571e-02
1.199999999999999956e+00 1.795402864531546960e+00 2.972493500433279201e-01
5.000000000000000000e+03 5.526464379107845161e+03 8.941528975250232634e+02
