3.717090672302673338e+05 4.918507669473742135e+04
1.139203122920999071e+06 1.743518238360481337e+05
1.414874161106817890e+06 2.456775523681466002e+05
1.424669539705970325e+06 2.765004435955721419e+05
1.303083264888081932e+06 2.793217592743120622e+05
1.127789056221487932e+06 2.644051305487982463e+05
9.416798027324546129e+05 2.395052506702558603e+05
7.667707509746723808e+05 2.101091065124396700e+05
6.128758779476906639e+05 1.798613952319616219e+05
4.829491076040212647e+05 1.510105180826058495e+05
3.763146881086518988e+05 1.248027283395576524e+05
2.905749041924078483e+05 1.018002615887289867e+05
2.226993173018243397e+05 8.212305687132017920e+04
1.696156169886370772e+05 6.562395391964720329e+04
1.285034076419356279e+05 5.201042040494372486e+04
9.691610469403976458e+04 4.092556343068939168e+04
7.280763297373018577e+04 3.199941470450820634e+04
5.451001948161148903e+04 2.487929858435206552e+04
4.068886355088138953e+04 1.924600416514286917e+04
3.029189348282535502e+04 1.482069670032593422e+04
2.249868991084512163e+04 1.136607450655413049e+04
1.667543976760245278e+04 8.684185082593638072e+03
1.233617202891293709e+04 6.612508236880450568e+03
9.110613141211539187e+03 5.019337115931610242e+03
6.718142991782393437e+03 3.799086505421324546e+03
4.947055677450802250e+03 2.867886162605032951e+03
3.638264044177390588e+03 2.159638892503283842e+03
2.672631236606965103e+03 1.622610725004400592e+03
1.961206632734287723e+03 1.216553165624726262e+03
1.437753819802167982e+03 9.103200772383274852e+02
1.053066702259709928e+03 6.799236957622135833e+02
7.706677501012072753e+02 5.069682579294890274e+02
5.635664809657091610e+02 3.774007857768001486e+02
4.118292980611897747e+02 2.805266590103733506e+02
3.011960564150499522e+02 2.086718538820095432e+02
2.481444757868398767e+02 1.829875694140725670e+02
1.001208560925198185e+03 9.315792608185560084e+02
1.346286266177680591e+04 8.732735638943278900e+03
1.203254138257583254e+05 1.348665141984398360e+04
3.260597776194134494e+05 4.627763863485149341e+04
2.797494309129804606e+05 1.953309372596702888e+05
1.403792970642700675e+05 1.374379462111524190e+05
3.724342170328366774e+04 3.722620270190350857e+04
4.586723287152000012e+03 4.582884027436969518e+03
2.697086135580351538e+02 2.670252363691409982e+02
1.579081174808144716e+01 1.391362456165260220e+01
6.733128061658545604e+00 5.420560202468724498e+00
4.832637384081897025e+00 3.915291155489843078e+00
3.507754898769872565e+00 2.866913432317601984e+00
2.545601603682949854e+00 2.098113285233513370e+00
1.846865884447589812e+00 1.534521248831316020e+00
1.339580363727618906e+00 1.121651532027889253e+00
9.713935606864230188e-01 8.193982285174583602e-01
7.042371399635515283e-01 5.982661513284811550e-01
5.104389649210969715e-01 4.365821114481774901e-01
3.698908326402348123e-01 3.184334989687911399e-01
2.679856822775212311e-01 2.321462022470828779e-01
1.941158897454343391e-01 1.691619531166231594e-01
1.405804876368621503e-01 1.232111153007801052e-01
1.017902708681682755e-01 8.970374815659576395e-02
