4.266924122061978560e+05 8.254578368490783032e+04
1.543925448268729262e+06 3.371098107869350351e+05
1.681935367862883490e+06 4.086361610503753182e+05
1.453247520969051402e+06 3.883907251382884569e+05
1.133433472949193325e+06 3.300819406993205193e+05
8.343066964685816783e+05 2.626638813488336746e+05
5.917363530054591829e+05 2.000374576482169796e+05
4.090044936570666032e+05 1.475974125180158298e+05
2.774049047901987797e+05 1.063193468140020850e+05
1.854542174507828313e+05 7.514913111589924665e+04
1.225852961402340443e+05 5.230856445533537772e+04
8.029384260566177545e+04 3.595036442722265201e+04
5.220140288006614719e+04 2.444460234887211118e+04
3.372729899875591218e+04 1.646973830220290256e+04
2.167720130362355849e+04 1.100907375297406543e+04
1.387018411147607549e+04 7.308178553357643978e+03
8.840735751427107971e+03 4.821900785010704567e+03
5.616191822530655372e+03 3.164279526427218116e+03
3.557333461306627214e+03 2.066467803503625873e+03
2.247439309244446122e+03 1.343668294825618887e+03
1.416640777811437374e+03 8.702566038003099038e+02
8.911450606245009567e+02 5.616326772598281423e+02
5.599579690614172023e+02 3.616784736724385994e+02
4.344661368220206441e+02 3.109062200722604530e+02
7.868291241936074584e+03 1.434657829319476150e+03
1.835973078213922563e+05 -5.159484590995259350e+04
3.746575978013577405e+05 1.479229970929152914e+05
2.813323193965487299e+05 2.756156328729653615e+05
7.982030382215805002e+04 7.980749582801843644e+04
6.167236060542910309e+03 6.161840619808622250e+03
1.401905283421768900e+02 1.369840160737637689e+02
8.718088744988468974e+00 6.814524802313368212e+00
4.974274449738136816e+00 3.845374262188888004e+00
3.085888724137848538e+00 2.417045317507876323e+00
1.913561644996208733e+00 1.517649276034477746e+00
1.185883543584269173e+00 9.517292435756639080e-01
7.345060115779725729e-01 5.961320181891508474e-01
4.546919037737351399e-01 3.729819057057912612e-01
2.813332605289535771e-01 2.331182893317480520e-01
1.739879352171282700e-01 1.455570199202394222e-01
