5.422894921035822481e+05 9.311842155163222924e+04
1.889064293022681726e+06 3.915902494289244059e+05
1.982533497860593256e+06 4.804331064089802094e+05
1.651286117074552458e+06 4.569960671287891455e+05
1.242293023182613775e+06 3.857003606270581950e+05
8.826021861072015017e+05 3.031153305779914372e+05
6.045555561953579308e+05 2.270517774022938684e+05
4.037875922238900093e+05 1.642705495891175233e+05
2.647856205402307096e+05 1.157525875717609306e+05
1.712381574111703085e+05 7.988683373621234205e+04
1.095477264666319534e+05 5.421513915047017508e+04
6.947926097893371480e+04 3.628604792017306318e+04
4.375934607514144591e+04 2.400607336887118436e+04
2.744487566326294109e+04 1.576873869231046046e+04
1.787984957800282064e+04 1.101773201823529234e+04
1.764849278295569457e+04 1.362891616924315167e+04
3.795708871675933915e+04 3.323076233849384153e+04
9.140631255902857811e+04 4.219981273630085343e+04
9.463405008844312397e+04 4.012344940065435367e+04
3.613890586706007889e+04 3.230467903250946256e+04
9.075320468547615747e+03 8.803859005755359249e+03
1.555650681362250452e+03 1.406851910378566572e+03
4.091965988763700466e+02 3.240733005094195391e+02
6.369516995748996351e+02 5.883532938629006139e+02
1.628104074979089819e+04 1.625234996231315199e+04
1.556591181549311150e+05 1.443544938340145745e+05
5.097943886493167374e+05 1.673919708261254709e+05
1.998678570316148689e+05 1.720546342218358186e+05
2.485876486255120471e+04 2.484984259629216467e+04
8.176500723944128595e+02 8.160239832535474989e+02
1.278878794304617905e+01 1.187002249012842192e+01
3.887634864594369688e+00 3.369086418746490175e+00
2.341206128807217901e+00 2.048839682611427904e+00
1.413458308597019375e+00 1.248776150268446461e+00
8.528310549431307175e-01 7.601542001628963652e-01
5.142722586339351087e-01 4.621618509991239909e-01
3.099462048058951313e-01 2.806691811315452090e-01
1.867043625229786175e-01 1.702683007070904253e-01
1.124108449169620161e-01 1.031903423342128978e-01
6.764836254799452830e-02 6.247927794864155393e-02
