6.817528526071661618e+05 1.577725276499856263e+05
1.695765613995235180e+06 4.669232884715467226e+05
2.060843425169537310e+06 6.556593424021853134e+05
2.072712415874638129e+06 7.455471235872702673e+05
1.907652919438232668e+06 7.627995946959578432e+05
1.668009787502305582e+06 7.315059634845042601e+05
1.410908191583004082e+06 6.711374437136098277e+05
1.166258368421177380e+06 5.961728122524127830e+05
9.479536152470521629e+05 5.166608683103411458e+05
7.607619656022263225e+05 4.390992024338494521e+05
6.045087356841774890e+05 3.673259587452359265e+05
4.765669047334313509e+05 3.032945864435338299e+05
3.733002733758033719e+05 2.476918505997483153e+05
2.908663724760238547e+05 2.004029040269799880e+05
2.256343061571794096e+05 1.608453186248567654e+05
1.743762383252598229e+05 1.281989097349538351e+05
1.343301868611719983e+05 1.015568550686840608e+05
1.031933791323603218e+05 8.001974950799702492e+04
7.908142696886735212e+04 6.274977171174965042e+04
6.047372782645353436e+04 4.899797311902473302e+04
4.615641915190779400e+04 3.811418931830915244e+04
3.516875334870744700e+04 2.954629090496686695e+04
2.675555324001282497e+04 2.283337778831131800e+04
2.032658662012613786e+04 1.759596935562299768e+04
1.542271838512100294e+04 1.352513630085275872e+04
1.168822151122717878e+04 1.037175428490457307e+04
8.848487974421499530e+03 7.936591173823955614e+03
6.693048860146392144e+03 6.062298342852457608e+03
5.070504406585834658e+03 4.634801404302956144e+03
3.942974711800337900e+03 3.642377748915269876e+03
3.691686191724669243e+03 3.484540557889513821e+03
6.016002377609878749e+03 5.873409873071394031e+03
1.499775144853665734e+04 1.489969484796333018e+04
3.531859186010941630e+04 3.525097139809592045e+04
6.508162041325919563e+04 6.439909462388727115e+04
1.053365601018773159e+05 7.156088018311950145e+04
1.080645742870910908e+05 7.014010286540995003e+04
6.649106454317149473e+04 6.557445590726195951e+04
3.600867820335404394e+04 3.599804143074555759e+04
1.448483707502448488e+04 1.447787434016426232e+04
4.347932028374682886e+03 4.343173978411393364e+03
1.024308861685502279e+03 1.021059393912602900e+03
2.353805894340237330e+02 2.331626893740996991e+02
8.899206857486356625e+01 8.747909955884708211e+01
7.887027703488186603e+01 7.783873380893840022e+01
2.102687570026024559e+02 2.095658069935305434e+02
9.447742241252531130e+02 9.442954277042429112e+02
3.914804300409410189e+03 3.914477969399304584e+03
1.318040055030324584e+04 1.318001311133244235e+04
3.542779695144660218e+04 3.540373411451593711e+04
7.628521987256621651e+04 7.519283204704771924e+04
1.367389937931829481e+05 1.209531469858491037e+05
2.104312654652080673e+05 1.382532414004268066e+05
2.398359820556495397e+05 1.354235023178194242e+05
1.845005197632791824e+05 1.367136171379865846e+05
1.128026767834997445e+05 1.058831745193470560e+05
5.936649477513186866e+04 5.904949293549620779e+04
2.550207974035105508e+04 2.549747849546534053e+04
8.735125395108458179e+03 8.735099701060957159e+03
2.380197882574308096e+03 2.380194716193838758e+03
5.160946054963494589e+02 5.160924804533988208e+02
8.921794727034856010e+01 8.921650760978451444e+01
1.244489229588031520e+01 1.244391721611277646e+01
1.524403132915945758e+00 1.523742882594461445e+00
2.611937379638213930e-01 2.607467775828120615e-01
1.164982232581218968e-01 1.161957237328244685e-01
8.110998392383002298e-02 8.090530232200239535e-02
5.995956907986239870e-02 5.982110587043465433e-02
4.452678176319080361e-02 4.443313465733879364e-02
3.306894518313276132e-02 3.300562218315344909e-02
2.455493652892225959e-02 2.451212720043693255e-02
1.822943499710904039e-02 1.820049971601962399e-02
1.353086125526412227e-02 1.351130742727817309e-02
1.004147641685690200e-02 1.002826489013379681e-02
7.450606017174505984e-03 7.441681317717183629e-03
5.527254309235295898e-03 5.521226552447515423e-03
4.099708512136173398e-03 4.095638071382824534e-03
3.040352908036831128e-03 3.037604680173922565e-03
2.254365034938592312e-03 2.252509831531500535e-03
1.671303763281122619e-03 1.670051603759390227e-03
