3.371310389663196402e+05 4.383725251648493577e+04
8.985949867211756064e+05 1.357333288319292478e+05
1.168369666529225884e+06 2.008838855772311799e+05
1.255292959592224332e+06 2.418527575580633711e+05
1.232353344671227038e+06 2.627709842984618153e+05
1.147759518710838398e+06 2.681171192623216193e+05
1.032721606325103901e+06 2.620745972414591815e+05
9.068965625744163990e+05 2.482383306790590286e+05
7.821791384834074415e+05 2.295242902154498734e+05
6.653248307158445241e+05 2.081899490700128954e+05
5.597513108273388352e+05 1.859089884773418307e+05
4.667645487517148722e+05 1.638666602492512902e+05
3.863840988083130214e+05 1.428568482520839898e+05
3.178907826984126586e+05 1.233709973871229449e+05
2.601834962006766582e+05 1.056746024043716607e+05
2.120059146330715739e+05 8.987015488563326653e+04
1.720854748583892942e+05 7.594718963707008515e+04
1.392140104097113363e+05 6.382091374677952263e+04
1.122902614655589132e+05 5.336120772012668021e+04
9.033806176330303424e+04 4.441379154528139043e+04
7.250952472370016039e+04 3.681519502984652354e+04
5.807944276603079925e+04 3.040294983856340696e+04
4.643497180307115923e+04 2.502218197408188280e+04
3.706320895470378309e+04 2.052955619577264588e+04
2.953828108490684826e+04 1.679532180507585144e+04
2.350890017506301592e+04 1.370403741712624833e+04
1.868690681107038836e+04 1.115441093264191295e+04
1.483704357498489844e+04 9.058577478937204432e+03
1.176802584856328940e+04 7.341049007617477400e+03
9.324873670544677225e+03 5.937500610489563769e+03
7.382410819215305310e+03 4.793506690663441987e+03
5.839809755923828561e+03 3.863301535868200517e+03
4.616052291597117801e+03 3.108610696657290646e+03
3.646178334028422796e+03 2.497579471741794805e+03
2.878203889309164879e+03 2.003810797655241913e+03
2.270601421807752558e+03 1.605515380641064894e+03
1.790248705294310412e+03 1.284770783503783377e+03
1.410765201976188109e+03 1.026882456483344413e+03
1.111167092970813428e+03 8.198376713793331874e+02
8.747830025850826132e+02 6.538424529821245414e+02
6.883820761266656518e+02 5.209315114515152345e+02
5.414743854560858836e+02 4.146415809005360416e+02
4.257507227019752349e+02 3.297392618551080545e+02
3.346348248821792026e+02 2.619953187755002659e+02
2.629269610749847175e+02 2.079991840313236366e+02
2.065683958522316743e+02 1.650547595629793136e+02
1.640063029287861127e+02 1.326461085567596001e+02
1.671329142781115991e+02 1.434538288764393030e+02
6.383956175895059459e+02 6.205229514378670501e+02
4.650871167740119745e+03 4.633984013681741089e+03
2.497869876868440406e+04 2.386883759827613176e+04
1.035525204481043911e+05 5.971842437043026439e+04
2.793885378311264794e+05 6.386316879560850793e+04
2.920711471499361214e+05 1.612920648844620446e+05
1.929591637040571368e+05 1.831644305384200125e+05
9.804750478672923055e+04 9.795457915299350861e+04
3.208275217926757250e+04 3.208079382961613373e+04
6.603166180236885339e+03 6.601770583309333233e+03
8.598183542926576592e+02 8.587688552263955444e+02
7.584684916506455465e+01 7.505784144571993011e+01
8.860756872836022424e+00 8.267753270975871871e+00
4.295245569996140489e+00 3.849677216707179994e+00
3.274633298672775528e+00 2.939932986036339013e+00
2.559712586253687139e+00 2.308358275607244270e+00
2.001884840397300636e+00 1.813168942282269214e+00
1.565391111904692378e+00 1.423738071497469226e+00
1.223882260305212188e+00 1.117580182467955208e+00
9.567337291165365354e-01 8.769785152878202261e-01
7.477885721128827434e-01 6.879638357558699457e-01
5.843921853244230524e-01 5.395269801272505328e-01
4.566350886767402417e-01 4.229956813568261365e-01
3.567589386731900292e-01 3.315415931508499114e-01
2.786907027253600067e-01 2.597905550623877957e-01
2.176774315555199402e-01 2.035146630093114806e-01
1.699999721353310511e-01 1.593891143550598410e-01
1.327486096730872145e-01 1.248003077134813843e-01
1.036472806392566837e-01 9.769447341976150723e-02
8.091587074285959413e-02 7.645833471319542218e-02
6.316236855744998546e-02 5.982506738969785298e-02
4.929841832327079565e-02 4.680022944296045873e-02
