4.681278657706690719e+05 5.000934693650814006e+04
1.505135362432062160e+06 2.095020745323714800e+05
1.725228968840321992e+06 2.954627448142026551e+05
1.587238853333106963e+06 3.221613824503775686e+05
1.323081730444718618e+06 3.099441940497732721e+05
1.042782879559343215e+06 2.764114791096129920e+05
7.928006085861054016e+05 2.341541978849448496e+05
5.878758605838040821e+05 1.910881267997920513e+05
4.280316674696211703e+05 1.515739919262905605e+05
3.073564152855900466e+05 1.175700591108132503e+05
2.183231157001640822e+05 8.955999792032953701e+04
1.537471448213218828e+05 6.721819481881911634e+04
1.075807948428762902e+05 4.989299518366856501e+04
7.532497682189891930e+04 3.712160104345998843e+04
5.425729960657122865e+04 2.906724154131963587e+04
4.267421778669843479e+04 2.459256356201814924e+04
3.682629487968643662e+04 1.904026233211580984e+04
2.541825996577817205e+04 1.550304301411322740e+04
1.508669702983615389e+04 1.044442832534803347e+04
1.153656767039639999e+04 8.612504877363533524e+03
2.277151816044961015e+04 2.077318597875402338e+04
6.223616299118996540e+04 4.683250011699799506e+04
1.161315679797112243e+05 3.898542972570468555e+04
6.500390302754093864e+04 4.653751730221772596e+04
2.044363056086707365e+04 1.994186323505442851e+04
4.094574067275757898e+03 3.892500653744666579e+03
7.902289446510910693e+02 6.616624553025833393e+02
3.514895418317960889e+02 2.697759387846994628e+02
2.286760055424616098e+02 1.768108689380946430e+02
1.752871952364999402e+02 1.424080071520476736e+02
1.717697357544398756e+03 1.689886491460138359e+03
3.400345815722826956e+04 2.978160119277807826e+04
2.430514720968478941e+05 9.341253947897272883e+04
3.948507278022504761e+05 8.059823500658437843e+04
1.093602697517180059e+05 7.037173971388587961e+04
9.240064423690782860e+03 8.952280279282771517e+03
2.550015853143578966e+02 2.535639104415048450e+02
8.018846342382111914e+00 7.192156018799245487e+00
4.177050346923742552e+00 3.657324162617561214e+00
2.789139871303941920e+00 2.462618957714139523e+00
1.863155266524307407e+00 1.658149840384427698e+00
1.244106152022259826e+00 1.115473416998628897e+00
8.304289354791983824e-01 7.497644631939425208e-01
5.541034089648705363e-01 5.035477605676937918e-01
3.695971395879353860e-01 3.379288362071205531e-01
2.464458126944795713e-01 2.266187665970307852e-01
1.642761628035422916e-01 1.518688124593701727e-01
1.094694005521787833e-01 1.017087708106354377e-01
7.292568084456833855e-02 6.807368656541655516e-02
4.856707887575493349e-02 4.553488490667065985e-02
