6.397816536954496987e+05 1.725746209360258654e+05
2.394936419950028881e+06 7.468485474917199463e+05
2.139645997455959674e+06 7.547806936270198785e+05
1.499159637756316923e+06 5.882230709367976524e+05
9.459419475731123239e+05 4.072978636383803096e+05
5.631137131092851050e+05 2.631407967553102644e+05
3.230922654757557902e+05 1.623453349546681275e+05
1.807551492404071905e+05 9.689609287121260422e+04
9.929332572726246144e+04 5.640219133956199221e+04
5.379934050680534710e+04 3.219256056498619000e+04
2.884034516994471778e+04 1.808587243696118821e+04
1.532999331626967614e+04 1.002910702060981930e+04
8.092806722279687165e+03 5.501029073094239720e+03
4.248120937094458895e+03 2.989505736348773098e+03
2.219413294383415177e+03 1.611743323909346600e+03
1.154883545899683668e+03 8.629615854439248324e+02
5.990259063962104165e+02 4.593975099254085990e+02
4.785981094589532177e+02 3.345650872884156115e+02
4.005483796708163572e+04 -1.024071388202332673e+04
4.325089770347326994e+05 -3.779147276560298633e+04
3.424866626443137648e+05 2.789980442160939565e+05
5.775250921748812834e+04 5.762555673397169448e+04
1.272549510589678221e+03 1.270983589131073813e+03
8.905115644388221341e+00 8.172425081819955750e+00
2.885434216260387430e+00 2.542489435151103372e+00
1.469954969279437584e+00 1.309710794754881391e+00
7.482518293592774761e-01 6.734946480433021687e-01
3.804787081061538623e-01 3.456539735231932142e-01
1.932786162728482582e-01 1.770779471965231444e-01
9.809263305812768174e-02 9.056550135693741677e-02
