1.603205331317630131e+06 3.868092280813041143e+05
2.389287777093078941e+06 5.231293839518502355e+05
2.267668910969857126e+06 4.490033708781045862e+05
1.938649829245891422e+06 3.462778686777581461e+05
1.580210713376377709e+06 2.545098586891330779e+05
1.253403987415622221e+06 1.826173538203150965e+05
9.768667229436902562e+05 1.299255693578744540e+05
7.521046517676269868e+05 9.290545461640553549e+04
5.739128669097953243e+05 6.760499870455171913e+04
4.349849523013128783e+05 5.051840685304126237e+04
3.279518657765173703e+05 3.887144941650540568e+04
2.462177111781251733e+05 3.067149938596686115e+04
1.842247305387723318e+05 2.461993080808399827e+04
1.374548687439176138e+05 1.994021206796422484e+04
1.023203027714370255e+05 1.619313897144282237e+04
7.601801940344971081e+04 1.313209328755152819e+04
5.638405105165153509e+04 1.061098408022151852e+04
4.176273143449128838e+04 8.533498514191640425e+03
3.089610260205797385e+04 6.827912735986108601e+03
2.283365029546008736e+04 5.435637711011644569e+03
1.686035992553225515e+04 4.306424443880263425e+03
1.244032703197201045e+04 3.396492843630914649e+03
9.173100824517481669e+03 2.667783371239085682e+03
6.760200945543267153e+03 2.087540728963340371e+03
4.979623855184838249e+03 1.627927647587908723e+03
3.666544995331215432e+03 1.265585245371725250e+03
2.698779556961594608e+03 9.811429407003734013e+02
1.985870643873101926e+03 7.587070733304267378e+02
1.460926010185339464e+03 5.853584844537945173e+02
1.074527383321599928e+03 4.506818339626299803e+02
7.901964741870968965e+02 3.463405891763524096e+02
5.810276701484571049e+02 2.657043463803032637e+02
4.272216885834777713e+02 2.035338197584236468e+02
3.148233491646234370e+02 1.558426280677183513e+02
2.432741255314517446e+02 1.299704996413902620e+02
3.364599723175667805e+02 4.270702056376746896e+02
1.952731355841399136e+03 2.792568679626835547e+03
1.570122933544388798e+04 1.388065671438070422e+04
9.450145199643769593e+04 3.918693173658011074e+04
3.104947642445571255e+05 7.253485184201016091e+04
2.868506513526631170e+05 6.391332514694833662e+04
8.016409945011534728e+04 3.663913975025338004e+04
1.270414280867520029e+04 1.199873840049973478e+04
1.457913630541163229e+03 2.319850967769069030e+03
1.393551134363232791e+02 3.382979151031577771e+02
1.723416766265077982e+01 4.077735574985680955e+01
6.342037241646131918e+00 5.855004367843745783e+00
4.271177638215364780e+00 3.342479617508296030e+00
3.122217665325627056e+00 2.520162780819510839e+00
2.296838543929923038e+00 1.906600730719644421e+00
1.690515370951469754e+00 1.442072758527525922e+00
1.244461143843294870e+00 1.090458142110791062e+00
9.162468823312490684e-01 8.243962857180817672e-01
6.747059197021406662e-01 6.231297524060307458e-01
4.969232790647233888e-01 4.709186051498014947e-01
3.660486486697744346e-01 3.558335255129657093e-01
2.696898598846076411e-01 2.688373659221911516e-01
1.987322496982407150e-01 2.030867785613779675e-01
1.464709385698207411e-01 1.534015908831879438e-01
1.079730378281418546e-01 1.158619143409877206e-01
