1.598709059834108222e+06 2.898388079668420833e+05
2.404661068615680095e+06 4.876143526418711990e+05
2.303084707542500459e+06 5.160491450196723454e+05
1.986628967623071745e+06 4.870157254875139333e+05
1.633668884512005141e+06 4.345488576047085226e+05
1.307128315482086502e+06 3.746211957958410494e+05
1.027516326765568694e+06 3.153857420919293072e+05
7.978247704122224823e+05 2.608923066051064525e+05
6.139058069446681766e+05 2.128893983162146760e+05
4.691461672947678599e+05 1.718243882577847107e+05
3.565943836116031744e+05 1.374329716849547694e+05
2.698776256665855180e+05 1.090933713423823938e+05
2.035315331629285647e+05 8.603782813804576290e+04
1.530499218242825591e+05 6.747533988367384882e+04
1.148092540173222078e+05 5.265895055743097328e+04
8.594612248401416582e+04 4.091874076097166108e+04
6.422627853043819778e+04 3.167409718225913821e+04
4.792295384853902942e+04 2.443396580242025811e+04
3.571143248102796497e+04 1.879061015471842256e+04
2.658138467309587577e+04 1.441030823592284287e+04
1.976589856478154252e+04 1.102305804847632317e+04
1.468509136728230988e+04 8.412480332369874304e+03
1.090191064513809033e+04 6.406546805517853500e+03
8.087845016824398044e+03 4.869414785228142136e+03
5.996534275618349966e+03 3.694441210822821631e+03
4.443587531222279722e+03 2.798331487501127413e+03
3.291227913545949832e+03 2.116318161685025643e+03
2.436658582294110602e+03 1.598239269389130186e+03
1.803278932657412270e+03 1.205381885408870176e+03
1.334072148009236571e+03 9.079636708896578057e+02
9.866396920127892827e+02 6.831382277280565631e+02
7.294804442129352537e+02 5.134252544997837049e+02
5.392085294874962074e+02 3.854827150587010465e+02
3.985939979579735564e+02 2.892687124195720116e+02
3.022336001471045392e+02 2.245197394873782741e+02
4.638634027093376062e+02 4.086439403497701051e+02
4.022341774045197326e+03 3.982679201644115437e+03
3.042321803031970558e+04 3.007469823094883395e+04
1.297518331013383286e+05 1.048269467846927582e+05
3.306835770386132644e+05 1.234621758951140218e+05
3.113927411622744985e+05 1.267057467701662681e+05
1.140904788394720526e+05 9.645101142892136704e+04
2.530538458269916737e+04 2.512004195729771163e+04
3.022378821160586540e+03 3.018639045809514300e+03
1.924845667492940606e+02 1.899750803414281108e+02
1.571118679013322783e+01 1.393380508956119179e+01
7.775897253172752599e+00 6.517334962900749318e+00
5.678685649251394629e+00 4.787706808028597827e+00
4.187803156081319145e+00 3.557190079862941445e+00
3.088410062206500495e+00 2.642173204333885028e+00
2.277468829246160897e+00 1.961765957980143416e+00
1.679344654561870431e+00 1.456035889557632856e+00
1.238221521435870276e+00 1.080296673192075119e+00
9.129123082748641371e-01 8.012476466416008636e-01
6.730277256084528092e-01 5.940863699240946927e-01
4.961476136222133237e-01 4.403494716501601958e-01
3.657326302835207654e-01 3.262992627465204354e-01
2.695827373365980439e-01 2.417189934962669651e-01
1.986994485801815702e-01 1.790138368129893798e-01
1.464461786691401424e-01 1.325404273651863141e-01
