2.999999999999999889e-01 2.557809774453440044e-01 7.074448229559383849e-02
5.000000000000000000e+05 5.522540509577348130e+05 1.665085402003155032e+05
2.999999999999999889e-01 3.250245711644240143e-01 1.129102949960933133e-01
1.000000000000000000e+05 1.615237612182720623e+05 6.545112061234116845e+04
2.999999999999999889e-01 3.130388170760299293e-01 1.165946844598017701e-01
1.000000000000000000e+05 4.724306692641336122e+04 3.529693378486191068e+04
1.000000000000000000e+00 6.601271710191065623e-01 7.800581546881961426e-02
5.000000000000000000e+05 8.333624487936180085e+05 1.247323704332241177e+05
1.100000000000000089e+00 1.047705395827656982e+00 2.359171329721970745e-02
1.000000000000000000e+04 1.247269631998787918e+04 3.318053035182789699e+03
