5.605616624473759657e+03 -6.011984014837898940e+02
5.981551531517863623e+03 -4.426057637928470285e+02
6.051168231795978500e+03 -4.122162303073255316e+02
6.121907791065297715e+03 -3.810468009880742102e+02
6.193826441758417786e+03 -3.490779709103426285e+02
6.266963013844997477e+03 -3.163016547536471990e+02
6.341438489956536614e+03 -2.826776301714608053e+02
6.417285898441825339e+03 -2.482114463664875075e+02
6.494637009183679766e+03 -2.128721460136148380e+02
6.573609150319445689e+03 -1.766457160838263007e+02
6.654387123554352002e+03 -1.395007566654585389e+02
6.737157721479854445e+03 -1.014224127544093790e+02
6.822183944667796823e+03 -6.238328726641157118e+01
6.909803615780405380e+03 -2.235053328207595769e+01
7.000418829318078679e+03 1.870110504162039433e+01
7.094577198778943057e+03 6.081572476922065107e+01
7.192923829366145583e+03 1.040213492888342444e+02
7.296309383830011939e+03 1.483618938375539074e+02
7.405867707432107636e+03 1.939083648631185497e+02
7.522972791212661832e+03 2.407141208456505410e+02
7.649431494482829294e+03 2.888625075292347901e+02
7.787525572658014426e+03 3.384424590348771744e+02
7.940197773786391735e+03 3.895703150382878448e+02
8.111214206447330980e+03 4.423878456477168584e+02
8.305402271946455585e+03 4.970713798204506020e+02
8.529013207349162258e+03 5.538566379955100274e+02
8.789868322382026236e+03 6.129920497576677008e+02
9.098270612020221961e+03 6.748571514383602334e+02
9.467295097835851266e+03 7.398970788045025984e+02
9.913590564742813513e+03 8.086619072944449726e+02
1.045873987950921037e+04 8.818934199920240644e+02
1.113023854546253642e+04 9.605135476768518856e+02
1.196341372819332173e+04 1.045717757486650953e+03
1.300344481132985675e+04 1.139035699823609320e+03
1.430815637697935745e+04 1.242440795507953226e+03
1.595176156466524844e+04 1.358503294043337519e+03
1.672440871882373176e+04 1.409179969079868897e+03
1.757319998369890163e+04 1.462650689809528558e+03
1.802851239259474823e+04 1.490516764359683293e+03
1.850575753610421089e+04 1.519182810936134047e+03
1.953139697439792508e+04 1.579128689272380143e+03
2.065897650620487548e+04 1.642796802690132608e+03
2.189936830150480091e+04 1.710597184487414779e+03
2.399698010832854197e+04 1.821001525035222585e+03
2.823733461027180965e+04 2.032533840814456198e+03
3.362710681279400887e+04 2.287204099073751422e+03
4.047769532557667117e+04 2.598064540920771833e+03
4.544937993992131669e+04 2.818668667905854818e+03
4.918019746218089131e+04 2.982651915525522782e+03
6.021749924205082061e+04 3.464515525027520198e+03
7.419358061674213968e+04 4.076199864103153232e+03
8.250807678737316746e+04 4.444131808963822550e+03
8.797859746922987688e+04 4.688555981567988056e+03
8.988776155001283041e+04 4.774351169768066029e+03
9.184091962625879387e+04 4.862402724753905204e+03
9.588128824213735061e+04 5.045483194066750002e+03
9.886712182064102672e+04 5.181622940421177191e+03
1.036055484004560712e+05 5.399214611099348986e+03
1.140250528198366956e+05 5.884751625576624065e+03
1.217151455389357288e+05 6.249729710166939185e+03
1.417704598234212608e+05 7.230237878979649395e+03
1.580810345196384587e+05 8.060425356958992779e+03
1.762204899765937589e+05 9.020650290190853411e+03
1.880455146259561297e+05 9.668604674615693511e+03
2.185980830082571483e+05 1.142766623473746586e+04
2.313869968509529426e+05 1.220207087320240680e+04
2.515681649272833602e+05 1.347218586633441737e+04
2.595399163181996555e+05 1.399063648422900587e+04
2.700695011872674804e+05 1.469041013648716034e+04
2.995209013375560753e+05 1.674159207624371629e+04
3.315571483860450098e+05 1.913896669521322474e+04
3.451103231233832776e+05 2.020849848979135277e+04
3.590505472144607920e+05 2.134457788628572598e+04
3.734325456585349748e+05 2.255629427988029784e+04
3.882139314451640239e+05 2.384519061219022842e+04
4.033729264088660711e+05 2.521468132985878037e+04
4.189478235971589456e+05 2.667415578249841928e+04
4.348650257838804391e+05 2.822306814043608028e+04
4.511715551499918802e+05 2.987288836475863354e+04
4.677863283705036156e+05 3.162286265918146819e+04
4.847418581195084844e+05 3.348443133915623184e+04
5.019674910198121797e+05 3.545855787642300129e+04
5.194441304323307122e+05 3.755221716063149506e+04
5.371445000571170822e+05 3.977216421504865866e+04
5.550170255767658819e+05 4.212268122239236254e+04
5.730199942763303407e+05 4.460975995475472882e+04
5.911035804499699734e+05 4.723887898728356231e+04
6.272604513087692903e+05 5.293964972256915644e+04
6.452091115907210624e+05 5.602074697057937738e+04
6.541160499640379567e+05 5.761994134988961741e+04
6.573426884193610167e+05 5.821154599537688773e+04
6.588650680418314878e+05 5.849301457481156103e+04
6.629620164560175035e+05 5.925809817660541739e+04
6.975995954699739814e+05 6.621911001443979330e+04
7.304423429728201590e+05 7.382695474165224005e+04
7.459390999502693303e+05 7.786921733724710066e+04
7.606756528077581897e+05 8.206505999834497925e+04
7.874043927979038563e+05 9.088813445263693575e+04
8.096671297083264217e+05 1.002135356647049775e+05
8.188126570861230139e+05 1.050270399013711140e+05
8.264632182106513064e+05 1.099125111395640997e+05
8.324985040531125851e+05 1.148480627146752086e+05
8.367961033430551179e+05 1.198055440524134319e+05
8.392384414624578785e+05 1.247524294191823574e+05
8.397156929341317154e+05 1.296533390272752149e+05
8.381274325688695535e+05 1.344670291699011577e+05
8.343822928724489175e+05 1.391533829696618486e+05
8.284051738852078561e+05 1.436626021155201597e+05
8.201350589737996925e+05 1.479450334327941528e+05
8.095265364944083849e+05 1.519483529788231244e+05
7.965607216091376031e+05 1.556154744606199674e+05
7.784526715771385934e+05 1.593935013078111224e+05
7.510935604913991410e+05 1.583953674019554164e+05
7.089411787308276398e+05 1.624143598145726137e+05
6.846552786869818810e+05 1.635239739596369909e+05
6.583635307569291908e+05 1.639663640401824377e+05
6.302947225633773487e+05 1.636966117634027032e+05
6.006214309282625327e+05 1.626800122571287211e+05
5.695893581010930939e+05 1.608922387861909810e+05
5.373377323170163436e+05 1.583102226463308325e+05
5.042091355657412205e+05 1.549346483425564365e+05
4.704764919445277192e+05 1.507750034582930384e+05
4.364284616379695944e+05 1.458551273145207670e+05
4.023265673173165997e+05 1.402075878761995700e+05
3.684798680729652406e+05 1.338861199585442082e+05
3.351947245847675949e+05 1.269605358943155734e+05
3.027668387548807659e+05 1.195156779432963813e+05
2.714458650238364353e+05 1.116423862626764458e+05
2.513032845696065342e+05 1.062073368830539985e+05
2.414658587119459698e+05 1.034426712557194696e+05
2.366226943173244363e+05 1.020542781906412565e+05
2.318149995203048165e+05 1.006579571481275198e+05
2.130384654255178175e+05 9.502752964211150538e+04
1.863664156355723098e+05 8.652060276656903443e+04
1.615736118914525723e+05 7.803418990467095864e+04
1.387704500650700647e+05 6.968638119326223386e+04
1.180130691566267778e+05 6.158458709654842096e+04
9.932324933115234307e+04 5.382883105549203174e+04
8.270619163422635756e+04 4.651671626746328548e+04
5.539733643308273167e+04 3.347837395269588160e+04
3.530769651004963816e+04 2.284533028283715248e+04
2.130843901689737686e+04 1.470123790781661955e+04
1.619257214797897541e+04 1.151690731004928602e+04
1.213115871675046947e+04 8.888282284011605952e+03
9.073696141173082651e+03 6.872629981003592547e+03
7.509782622242350044e+03 6.048619121491257829e+03
9.630169148641090942e+03 8.682377923353416918e+03
1.960730262012218009e+04 1.886579486516697943e+04
3.813094441066318541e+04 3.323594918380478339e+04
4.829168825374990411e+04 3.658490155758547189e+04
4.816898681704782211e+04 3.643166433024714206e+04
2.866635493029007557e+04 2.698572672257524027e+04
9.409465889434985002e+03 9.329648321943801420e+03
3.401093417615943054e+03 3.361202019620000556e+03
1.661494327078114657e+04 1.656924257799754923e+04
7.362141993728173838e+04 6.274961367403752229e+04
1.616000406728659000e+05 6.552481618636925123e+04
6.951930263462456060e+04 6.058133834009029670e+04
1.081792023901163338e+04 1.081253924281740183e+04
4.404573871231160638e+02 4.399583233063252692e+02
9.520238164263892244e+00 9.312391623042204358e+00
3.149165655342488712e+00 3.066530236652760699e+00
4.629006045760331745e+02 4.628690157953619746e+02
9.322527261772191196e+03 9.318072761332217851e+03
8.202199499587062746e+04 7.840681110514065949e+04
5.147019910712076817e+05 1.751894358912059106e+05
1.605139729108943138e+05 1.360257927303396282e+05
1.992629863358043440e+04 1.987918861014709182e+04
7.723334305493127658e+02 7.723308582590731248e+02
7.921107971466261333e+00 7.920741731483918358e+00
0.000000000000000000e+00 0.000000000000000000e+00
0.000000000000000000e+00 0.000000000000000000e+00
0.000000000000000000e+00 0.000000000000000000e+00
0.000000000000000000e+00 0.000000000000000000e+00
0.000000000000000000e+00 0.000000000000000000e+00
