3.641157238681538729e+05 7.735304482164594810e+04
1.211201327609229600e+06 2.395453043966561090e+05
1.435295024991733255e+06 2.641453316334413830e+05
1.364212106543448754e+06 2.337868837054120377e+05
1.173998608503296040e+06 1.877987057169736363e+05
9.545917628674543230e+05 1.432199557454857277e+05
7.482358365485722898e+05 1.061118127482155105e+05
5.716441776502568973e+05 7.749352416680834722e+04
4.285527577895988943e+05 5.635145492180058500e+04
3.166575617487420677e+05 4.108850073224538937e+04
2.313160887260272575e+05 3.016382628064183518e+04
1.674189593980181089e+05 2.232508643368849880e+04
1.202526141998133680e+05 1.664516191331873415e+04
8.582552883266679419e+04 1.247558713520671881e+04
6.092464822290771554e+04 9.376173678122511774e+03
4.304873519594271056e+04 7.049905260282786912e+03
3.029636499536799602e+04 5.293548856296762096e+03
2.124743150504502773e+04 3.964271216977143922e+03
1.485570575374976761e+04 2.958577134189767094e+03
1.035872853359456531e+04 2.199441790065868190e+03
7.205723055902860324e+03 1.628435205496075469e+03
5.001717048359751971e+03 1.200743339332198047e+03
3.465197357124032806e+03 8.818456420934912785e+02
2.396558981478452552e+03 6.451598048955256672e+02
1.654904176804876897e+03 4.702835440586627556e+02
1.141159861500946363e+03 3.416352457051577858e+02
7.858972981090643088e+02 2.473833453089438308e+02
5.406135868253868466e+02 1.786042110660891922e+02
3.723260372409254728e+02 1.296171104685228670e+02
3.041900569659872531e+02 3.949527510915840480e+02
1.736592877155483393e+03 6.525949595774868612e+03
2.848584100446406956e+04 5.232432519944982050e+04
2.055647739859358699e+05 1.586403364449367800e+05
3.753253597131366841e+05 1.441116489528669044e+05
1.693140187562874344e+05 1.560573937262100808e+05
2.593844825347403821e+04 5.469380528543045511e+04
1.762092873409205367e+03 7.017266141420468557e+03
8.517393224514182748e+01 6.287767706123017888e+02
1.051389517480934899e+01 2.801325659473552321e+01
5.740088433681998836e+00 3.057927179075131008e+00
3.891879526572739501e+00 2.126784277384815347e+00
2.653220319815773554e+00 1.496702285233981744e+00
1.808332188817506569e+00 1.052200010595012891e+00
1.232130727881275867e+00 7.389890892971102687e-01
8.393042559016601345e-01 5.185387650931798653e-01
5.715785837224587329e-01 3.635403872115364754e-01
3.891665514289560646e-01 2.546685618798268935e-01
2.649150493446208454e-01 1.782668660756777657e-01
1.803006477573633748e-01 1.246977038681961747e-01
1.226916257501934199e-01 8.716805700666570289e-02
