3.616212760593126295e+05 5.378479197703534737e+04
1.208971980016588001e+06 2.015014094460338820e+05
1.439864553990284912e+06 2.656569490395167377e+05
1.375429011378275696e+06 2.781260241769556887e+05
1.189583392339981394e+06 2.614563423671459313e+05
9.721003260875686537e+05 2.306058880231257062e+05
7.657602877346130554e+05 1.948929368291642750e+05
5.879434530762061477e+05 1.597046514634292107e+05
4.429590792385927634e+05 1.278317900854832260e+05
3.289215466624686378e+05 1.004395773986104759e+05
2.414596028695871355e+05 7.773723623656301061e+04
1.756191400444374303e+05 5.941876011690942687e+04
1.267599218151659588e+05 4.493988457961659878e+04
9.091070423562661745e+04 3.368301273310949910e+04
6.484741558634283865e+04 2.504856198928625236e+04
4.604158185089667677e+04 1.849994463036792149e+04
3.255807149197081526e+04 1.358067814353337963e+04
2.294245928336749057e+04 9.915747281216696138e+03
1.611677690493439513e+04 7.204873731912881340e+03
1.129087472331396748e+04 5.212329359832639966e+03
7.890756040438225682e+03 3.755952939102457094e+03
5.502531644969292756e+03 2.696780024704847165e+03
3.829613960373232658e+03 1.929933990716764129e+03
2.660594384364254893e+03 1.376983982548363656e+03
1.845463858722521536e+03 9.797355979899859904e+02
1.278199390132574308e+03 6.953040470257187735e+02
8.841241349286671038e+02 4.922761131959936165e+02
6.107991169092022119e+02 3.477639453494938380e+02
4.214999468782909275e+02 2.451706102741040354e+02
2.906436252703389300e+02 1.725868201499626480e+02
2.340064385089621055e+02 1.478343653581548551e+02
8.092611153156485670e+03 -2.377921500787881087e+03
2.088791993017850327e+05 -9.731735969271278009e+04
3.444544343410459114e+05 1.611052232551675406e+05
2.576109565948916716e+05 2.553586937561547384e+05
5.823193272926171630e+04 5.822097578021074150e+04
2.975240440870572002e+03 2.968324034221247985e+03
4.793470299969334292e+01 4.333895190759727711e+01
9.945321404673979515e+00 6.893778446274495764e+00
6.749917004095335571e+00 4.725101405290212497e+00
4.618483605098405498e+00 3.275813202830216042e+00
3.158699633179162358e+00 2.268914495443800750e+00
2.159399775935737065e+00 1.570087450000707374e+00
1.475650991013201851e+00 1.085563075174816428e+00
1.008020641894203040e+00 7.499448947783065034e-01
6.883335519697169058e-01 5.176820963405306397e-01
4.698725944462380233e-01 3.570851878856201034e-01
3.206419061250337932e-01 2.461330127489426700e-01
2.187390018980344686e-01 1.695394651198408598e-01
1.491778159046928398e-01 1.167044506353256683e-01
