8.907791393826105632e+05 2.268836841667923145e+05
1.891704799674738431e+06 6.728404404088074807e+05
3.438402588867552695e+05 1.543786115021147416e+05
4.803017769865429727e+04 2.562056343745414051e+04
6.039182418208903073e+03 3.674392886878999889e+03
7.190466964772547271e+02 4.847505296260917476e+02
8.004335275240323972e+05 5.385308410191594157e+04
1.056328669943604837e+01 8.498623589810730294e+00
1.032202269723327959e+00 8.449067566900032578e-01
1.131297581514306705e-01 9.640178189589379554e-02
