8.216349135690899566e+05 1.367392903220616281e+05
2.970682999906989746e+06 6.493348077221331187e+05
2.565684988148993813e+06 6.915003955416223034e+05
1.739344321483703563e+06 5.548366736814861652e+05
1.062785633884621784e+06 3.898143514379276894e+05
6.131619361705192132e+05 2.530632077575793955e+05
3.412263980249582091e+05 1.558189672666819533e+05
1.852957729904394946e+05 9.236076881332177436e+04
9.886820775364278234e+04 5.319707441192455008e+04
5.206677862070316769e+04 2.996082728422554646e+04
2.722029539992388891e+04 1.664839194917555869e+04
1.833695575992497834e+04 1.333018719373704880e+04
5.758118455345121765e+04 5.442769608089944086e+04
1.771682738676288573e+05 6.599897053494618740e+04
5.998321959814754518e+04 5.773485117550779978e+04
6.590774041016480624e+03 6.355777646790691506e+03
5.953708293310269255e+02 4.873762654186089094e+02
6.093865527506336548e+02 5.585567625830517500e+02
3.674431593885349866e+04 3.046863971152303566e+04
4.454359102479501744e+05 1.171054230711426935e+05
3.167498229341824190e+05 1.155929495973939192e+05
1.594329724496778363e+04 1.450312696915674314e+04
1.057242439550450399e+02 1.046534357012284886e+02
3.895436667232400119e+00 3.467017847465637459e+00
1.912399319266023578e+00 1.719728063454271982e+00
9.518927396596746915e-01 8.653919873263448137e-01
4.732951997808005351e-01 4.345216594600664339e-01
2.350936418820086526e-01 2.177390158843515167e-01
1.166651962117559033e-01 1.089079906663000946e-01
5.784385112935271078e-02 5.438089676958203500e-02
