$SPEC_ID:
28 3 24 bubble test gen 96 to BCT 5251MBQ ME
$SPEC_REM:
DET# 1
DETDESC# PHY-CSXP153 Easy-MCA-8k SN 12241568
AP# Maestro Version 7.01
$DATE_MEA:
03/28/2024 18:42:32
$MEAS_TIM:
703 704
$DATA:
0 8191
0
0
0
0
0
0
0
0
0
0
0
0
0
0
0
0
0
0
0
0
0
0
0
0
0
0
0
0
0
0
0
0
0
0
0
0
0
0
0
0
0
0
0
0
0
0
0
0
0
0
0
0
0
0
0
0
0
0
0
0
0
0
0
0
3
29
84
84
85
89
93
104
77
89
80
88
74
70
82
65
74
64
72
89
77
95
75
85
79
79
78
69
73
66
68
70
84
61
69
88
78
61
73
75
64
67
57
72
74
56
75
64
79
79
62
77
85
69
72
74
65
69
67
67
66
71
70
74
77
78
82
66
66
65
80
74
65
78
68
84
74
81
81
82
85
77
75
77
70
88
86
88
81
72
92
94
83
93
93
77
89
87
88
90
107
94
91
91
86
80
116
124
169
157
118
127
205
209
211
130
138
79
102
93
104
86
71
75
79
74
82
101
102
84
97
81
82
92
100
140
136
141
145
132
109
92
109
134
94
98
99
85
96
78
78
90
79
84
74
81
95
96
81
80
86
89
87
96
89
94
93
104
110
86
101
81
102
79
76
69
107
85
93
74
94
95
115
95
79
90
98
87
92
95
83
90
82
75
89
90
107
92
95
83
89
84
92
85
67
75
65
80
90
97
93
98
82
65
82
97
82
96
90
84
92
84
87
100
103
141
164
173
138
124
116
75
81
74
91
79
72
85
79
76
87
77
80
79
87
80
82
76
77
91
88
70
78
83
78
82
73
58
74
77
102
90
80
86
75
76
76
75
79
80
80
69
87
79
63
83
96
83
71
83
78
85
85
74
63
71
83
74
73
74
75
63
70
78
89
83
70
81
77
61
70
70
72
65
76
76
64
65
68
69
98
78
101
66
61
83
78
74
61
65
80
69
73
83
61
64
78
74
73
68
69
52
75
69
60
58
58
77
58
74
42
76
67
77
59
65
60
71
67
72
65
73
64
49
66
74
61
57
53
84
63
66
61
63
54
55
62
64
71
52
64
57
66
61
65
46
56
55
55
65
66
63
63
73
53
57
69
58
47
65
60
58
70
52
61
65
58
75
62
70
73
84
64
62
55
63
70
60
72
58
76
62
67
73
73
72
63
65
82
63
62
74
88
69
60
67
63
76
55
57
65
71
62
60
57
50
54
61
55
67
63
57
66
68
57
58
68
60
62
58
61
67
62
64
60
62
67
74
58
59
65
66
55
80
57
63
71
63
63
59
55
65
59
57
59
53
64
59
60
51
55
78
66
67
63
53
52
52
53
77
52
45
56
46
55
54
60
48
52
50
68
62
42
53
62
64
65
72
53
83
51
53
53
55
61
62
57
49
54
44
45
41
37
43
73
56
45
49
59
48
52
54
46
44
38
41
57
55
53
40
44
49
45
44
51
58
44
51
36
60
48
50
57
40
49
47
45
47
51
60
48
33
58
70
52
36
57
44
44
54
48
51
42
43
54
51
48
62
48
48
54
42
50
56
60
57
56
40
57
59
56
45
36
51
48
44
44
48
46
50
39
48
46
40
35
43
46
38
33
35
46
42
45
48
52
44
46
38
48
48
50
54
40
49
32
47
40
59
50
36
48
48
38
43
48
42
56
42
50
45
46
62
54
49
51
52
48
40
38
50
49
41
46
39
49
48
46
42
50
50
35
37
36
53
41
40
45
36
48
52
39
28
43
48
40
38
39
44
39
40
35
43
41
38
33
44
43
31
36
50
41
47
34
29
36
36
41
44
48
38
53
43
52
30
39
37
39
42
38
37
36
40
52
45
27
40
31
50
35
31
44
44
29
47
48
35
37
39
28
33
32
27
36
46
25
40
43
41
34
43
31
50
25
44
29
29
36
40
28
34
35
44
36
31
38
45
41
45
38
44
36
40
39
38
34
29
40
22
33
47
35
33
36
41
46
35
42
32
51
30
45
44
40
32
44
33
42
37
36
28
25
43
35
39
37
32
36
33
36
31
34
39
47
33
30
36
33
35
33
40
42
36
42
43
33
42
38
39
28
34
34
37
21
36
44
37
32
36
40
35
36
24
28
36
40
30
26
50
34
29
28
37
42
30
35
28
41
40
49
26
35
41
37
33
28
34
24
33
36
38
20
42
31
33
42
30
22
33
38
34
42
33
36
33
34
31
42
34
43
42
30
27
36
36
32
32
34
41
25
33
43
36
40
32
30
40
34
31
25
28
25
32
32
30
28
39
44
33
42
26
32
44
33
34
33
38
32
39
35
38
31
30
36
39
42
33
29
43
42
28
33
38
50
39
32
45
48
35
32
30
33
28
35
31
32
33
33
31
38
34
25
37
39
27
40
43
25
34
40
39
19
31
35
29
23
32
30
35
24
38
23
42
27
38
29
31
19
34
38
31
26
35
35
29
30
43
25
37
35
35
41
31
36
37
27
23
39
32
28
23
32
29
29
37
34
30
34
42
31
23
36
27
22
28
29
41
32
35
33
33
35
29
30
31
32
28
17
34
34
27
32
34
43
28
35
37
37
24
39
18
26
27
25
30
27
19
43
38
42
32
39
34
32
32
33
37
29
21
35
39
42
30
31
25
30
27
29
32
26
47
36
32
34
32
34
23
24
39
21
40
28
31
41
36
27
36
47
35
33
39
26
27
31
35
40
45
26
32
27
27
31
32
23
33
28
30
41
39
44
41
34
33
43
32
44
38
31
24
37
44
31
37
35
29
28
39
27
42
29
33
29
34
32
31
37
32
32
25
43
36
24
40
37
37
30
32
45
33
31
35
33
34
36
44
28
39
38
32
52
50
56
59
71
51
62
47
64
48
41
47
33
35
32
22
42
29
42
27
36
29
31
43
37
37
30
33
30
33
30
30
31
36
36
29
36
34
35
39
36
37
34
26
31
42
43
32
42
31
44
28
40
36
27
43
41
23
43
19
30
36
28
31
31
35
28
29
38
31
26
35
38
38
39
32
34
37
43
44
46
32
34
38
37
26
40
33
33
43
49
37
39
33
42
35
33
37
30
29
39
41
40
37
37
34
36
36
38
32
27
33
33
34
34
37
53
25
35
27
43
46
27
26
41
24
32
40
32
44
50
27
37
40
36
38
25
39
37
45
43
43
44
41
44
37
41
36
34
36
45
34
36
49
46
43
35
40
35
38
50
44
40
36
36
47
49
43
38
43
39
24
36
36
36
47
49
49
53
36
36
44
37
45
42
47
40
37
38
46
50
38
45
34
46
47
43
44
51
39
40
48
47
38
47
55
46
38
31
39
38
52
30
50
43
33
44
48
26
50
33
38
37
32
34
55
50
47
42
47
43
49
41
45
37
45
40
38
51
55
48
47
62
49
47
48
46
42
47
49
38
49
45
52
53
48
37
44
44
40
48
36
47
47
42
51
50
59
47
44
56
46
48
47
34
45
44
52
49
62
57
54
35
54
43
47
48
54
53
53
49
48
53
48
54
44
65
54
47
56
45
61
55
47
58
37
56
50
55
55
51
54
50
33
44
60
55
75
57
61
45
53
56
56
48
55
50
44
50
45
41
63
48
58
42
41
54
55
39
57
43
35
22
31
36
41
34
30
40
43
32
39
34
24
24
32
36
30
33
31
27
40
42
35
30
35
44
37
33
22
30
28
31
26
29
37
35
32
28
34
25
33
28
24
21
32
34
32
38
30
23
30
16
27
29
30
29
28
30
28
25
20
23
26
25
33
27
16
26
25
22
31
19
22
20
27
31
20
23
24
19
24
28
21
22
18
22
20
19
21
17
15
23
29
26
25
27
24
24
24
25
37
29
27
16
21
15
25
24
26
22
15
23
17
28
25
25
21
23
28
20
16
21
17
21
18
19
21
17
19
20
19
14
24
19
21
19
18
35
23
15
19
15
12
20
19
24
18
16
21
23
20
16
15
22
11
19
16
12
17
19
19
20
13
18
19
14
16
22
20
19
17
24
16
12
14
20
15
10
15
19
16
17
20
14
8
25
16
15
21
13
15
12
16
15
18
13
17
22
11
10
8
16
11
11
14
8
9
20
14
11
14
16
12
16
14
6
8
22
16
10
10
12
10
18
7
12
8
14
14
10
15
12
9
6
13
6
12
16
10
7
13
11
11
8
10
7
15
8
13
5
15
13
7
7
10
6
18
10
10
11
9
13
9
9
5
5
10
8
11
4
6
7
10
8
11
6
6
7
11
11
8
8
12
12
12
12
10
6
20
9
13
11
13
12
8
7
12
11
6
7
11
10
8
11
7
7
9
12
10
10
6
9
9
8
14
6
9
13
14
6
9
9
14
10
8
8
12
13
12
13
16
16
15
14
18
4
16
10
8
13
10
7
9
11
12
6
5
4
11
13
5
5
6
6
11
5
12
9
11
11
13
5
9
4
12
10
8
7
11
10
11
9
6
10
9
12
4
11
9
8
4
7
12
10
10
13
12
7
7
7
14
8
11
11
7
6
7
9
10
6
11
12
9
8
12
13
7
7
4
6
19
10
14
7
15
11
7
8
3
9
7
9
14
11
8
14
8
8
11
15
10
15
14
15
5
10
6
7
10
14
10
9
18
14
13
13
16
12
9
14
17
19
16
12
16
12
12
17
14
15
13
11
23
35
75
191
491
923
1517
1957
2225
2088
1530
908
431
183
79
26
18
12
7
2
8
3
13
7
10
9
5
3
6
11
6
5
4
2
10
6
3
7
10
3
12
8
11
6
4
5
4
6
7
14
6
7
6
7
3
6
6
4
3
6
6
6
5
5
10
7
5
2
5
4
5
6
3
6
6
7
12
5
10
5
2
2
3
4
3
3
5
7
10
4
5
5
5
4
6
3
6
6
5
4
6
3
2
2
3
5
6
3
12
6
6
8
6
8
7
5
10
11
2
7
3
5
6
2
7
7
8
6
6
2
5
5
6
9
9
4
6
7
6
3
4
5
7
3
3
2
2
6
4
11
4
7
4
4
3
5
4
9
5
8
10
8
4
9
10
14
8
3
8
5
3
3
6
8
7
7
9
6
5
2
3
6
9
5
4
7
9
3
7
6
4
6
2
8
11
2
5
4
4
3
5
2
3
5
1
6
4
0
5
6
5
5
6
9
14
5
5
4
8
9
9
5
7
8
6
6
4
4
4
10
5
9
5
13
7
9
2
8
6
6
7
6
4
9
6
7
2
6
10
10
2
3
3
1
5
0
7
5
9
4
6
1
7
8
3
5
3
6
5
6
4
2
6
9
5
3
8
6
1
3
5
8
2
7
8
3
7
4
7
5
6
3
3
5
10
3
2
8
5
3
8
14
3
10
2
2
3
6
3
4
3
3
3
4
5
0
6
9
7
8
4
2
3
7
3
6
4
6
1
6
5
5
6
5
4
7
0
3
8
2
5
4
5
4
3
4
5
3
5
4
8
5
0
6
2
8
4
3
4
6
2
6
3
5
9
7
4
2
6
7
4
4
4
4
3
5
7
6
8
8
6
6
6
3
3
4
3
5
4
3
6
4
6
5
2
2
8
5
4
5
6
8
6
5
11
8
6
1
5
7
5
5
3
5
4
5
3
10
8
6
4
5
4
7
4
6
1
3
4
5
5
5
8
6
3
4
6
8
3
6
7
8
3
3
2
5
4
7
1
4
5
6
4
4
5
8
3
3
4
8
6
7
9
9
9
6
5
4
11
7
6
4
8
2
1
3
7
5
3
4
9
6
5
6
4
4
4
4
1
5
7
5
4
6
4
5
7
6
6
6
5
5
4
8
2
4
4
4
3
3
2
4
5
4
5
2
6
8
6
4
4
5
2
4
8
3
2
8
6
4
6
4
5
4
9
8
4
3
4
3
6
6
7
5
4
4
10
5
3
2
8
4
8
5
6
7
5
6
3
3
9
4
4
11
6
9
8
5
5
7
0
1
2
4
6
7
6
7
4
7
8
5
6
6
3
2
4
5
13
2
3
1
3
7
7
9
10
10
2
5
5
3
1
3
4
4
8
1
2
5
5
4
3
2
5
5
5
12
5
1
7
6
5
5
4
9
7
5
4
4
4
5
7
2
3
5
6
4
5
8
4
4
3
6
4
8
4
5
8
4
9
4
9
15
9
16
11
7
4
3
1
4
4
7
7
11
7
8
9
10
5
3
8
5
5
1
6
6
4
2
7
11
4
4
3
3
3
6
6
9
4
7
5
5
5
8
4
7
4
6
5
9
5
4
4
7
3
3
4
7
2
8
8
10
4
4
2
7
6
3
0
6
3
3
8
5
5
6
6
5
7
2
2
5
2
8
5
7
7
7
6
7
4
5
13
10
5
5
12
6
6
5
2
8
4
3
6
7
3
6
4
5
7
7
10
2
3
7
5
6
4
4
5
1
6
1
8
4
5
11
5
1
4
3
1
2
6
4
5
5
4
1
11
9
7
4
4
5
6
3
5
8
4
6
5
5
3
3
13
3
7
7
7
3
7
2
6
2
3
5
5
5
4
5
4
7
2
4
4
5
6
7
3
9
3
5
2
5
7
6
4
2
4
7
11
10
6
7
5
4
7
7
7
7
6
5
5
5
10
6
6
5
5
3
8
2
4
3
4
7
7
3
6
7
5
4
2
4
7
3
4
5
1
3
8
2
8
8
3
9
6
7
3
2
3
6
1
4
7
5
10
6
7
4
4
5
2
6
3
4
6
7
7
1
4
2
4
5
4
7
6
1
6
4
7
8
4
6
2
5
5
4
5
6
5
5
8
12
7
12
8
3
5
6
8
3
10
11
8
6
10
6
5
3
6
2
5
2
4
2
4
4
3
6
5
5
7
4
2
2
6
8
5
3
5
3
3
4
3
6
8
5
9
5
7
2
4
5
2
5
2
4
5
2
4
6
3
9
7
3
3
4
4
4
6
4
2
1
4
6
4
3
4
3
5
3
3
6
6
7
6
4
3
1
5
5
5
4
5
5
6
8
2
5
5
3
3
6
10
7
6
3
8
11
5
6
3
8
7
7
2
3
4
6
11
8
5
7
5
5
4
4
2
7
6
7
4
7
3
4
3
3
6
6
4
5
4
6
5
3
4
5
4
9
7
6
2
7
6
6
6
4
7
2
11
12
15
11
7
12
8
4
8
6
6
4
7
3
5
5
13
1
4
5
2
3
4
8
3
5
6
3
3
4
2
4
4
6
4
4
6
6
5
6
4
8
6
2
4
3
3
6
4
4
7
3
5
4
7
6
9
10
5
2
4
4
2
3
5
3
8
3
1
12
4
6
10
3
4
4
9
3
4
4
6
8
6
6
5
5
6
5
7
5
2
5
5
6
8
6
1
4
5
7
0
8
6
2
5
3
5
5
6
6
7
4
2
5
4
8
0
5
8
3
5
5
5
3
3
7
11
6
5
5
2
5
7
4
5
3
13
3
9
6
6
9
4
5
7
6
6
7
5
6
7
1
6
7
2
6
1
5
6
10
3
6
7
9
3
8
3
6
4
5
5
3
7
8
8
3
9
4
5
7
4
5
5
3
7
1
8
6
3
4
9
3
6
4
3
4
6
4
7
8
5
7
4
4
4
2
7
4
5
1
5
5
7
4
4
13
4
5
4
7
6
4
6
2
5
8
7
4
5
5
4
7
3
4
6
5
7
4
5
4
3
6
3
5
0
4
7
5
8
4
12
3
7
8
6
6
7
5
6
4
5
6
4
7
1
7
2
4
5
3
3
3
3
8
2
8
6
5
2
4
1
5
6
5
6
5
4
5
9
12
7
8
7
5
3
9
8
4
4
7
2
3
3
6
4
4
6
8
4
6
9
8
5
8
6
5
5
5
3
7
4
4
4
3
4
7
5
6
3
6
5
2
6
9
4
5
5
3
5
5
1
2
7
4
3
6
4
6
5
5
4
6
5
8
7
2
8
7
7
8
4
7
3
6
2
4
3
5
5
4
4
12
5
6
11
2
1
7
3
7
6
10
4
8
16
15
18
26
18
39
34
29
22
18
13
8
9
7
3
9
8
1
9
6
6
6
4
4
7
5
9
2
3
5
5
6
11
4
8
5
6
6
2
8
5
8
6
10
9
6
3
4
6
10
1
6
8
3
5
7
4
6
6
5
8
4
1
7
12
6
6
8
8
6
9
4
5
8
7
6
7
4
6
5
2
3
2
5
2
8
4
2
6
2
5
8
5
8
9
10
16
10
8
8
9
7
5
8
6
5
5
7
3
6
8
3
11
5
6
7
7
3
7
13
11
2
5
9
8
7
9
9
9
3
4
3
6
7
6
5
8
6
3
3
5
6
8
10
7
6
12
7
9
2
6
4
3
6
6
6
8
12
5
5
8
6
7
3
4
3
7
5
6
5
7
9
8
7
9
12
4
3
6
6
4
7
5
12
8
10
9
9
7
7
8
6
3
5
5
3
8
9
10
8
8
7
8
8
4
9
5
9
6
7
7
4
12
6
9
7
9
4
9
8
10
11
12
7
11
4
6
5
13
7
6
12
7
9
9
7
11
8
6
8
5
7
6
8
3
7
9
11
10
7
10
11
8
5
10
9
11
5
5
4
8
4
8
14
10
8
5
8
8
5
5
5
6
9
9
15
15
8
10
8
17
5
9
10
4
7
8
10
8
6
4
6
8
8
9
9
11
9
6
9
13
8
7
6
9
5
8
10
7
14
6
6
12
6
5
1
5
8
8
9
4
5
5
11
5
4
8
5
6
9
5
5
6
6
6
6
10
4
4
11
12
7
5
10
6
9
9
11
9
8
4
7
7
4
7
4
5
1
10
5
6
5
8
4
6
5
4
4
2
2
3
2
7
5
9
11
5
9
8
3
4
7
7
6
3
9
5
5
9
2
5
5
1
2
6
5
5
3
4
3
4
4
2
10
4
6
7
2
3
4
5
6
8
6
3
5
6
1
7
5
7
3
6
7
3
7
1
5
8
5
3
4
3
6
3
4
7
3
5
2
4
4
4
5
2
6
2
4
3
2
9
6
2
0
4
6
5
7
6
7
1
7
3
4
5
5
2
4
5
6
6
4
6
7
8
8
7
7
3
1
2
2
4
7
4
3
5
1
7
1
3
6
1
2
3
6
5
2
6
4
7
3
3
2
3
5
6
1
1
4
2
4
2
6
5
4
4
5
5
7
6
6
4
2
3
4
5
3
3
1
3
4
2
3
2
3
1
3
4
3
5
3
4
2
4
5
7
4
0
4
5
2
3
2
6
3
4
1
4
3
7
2
3
4
4
3
4
3
4
2
3
2
1
1
3
6
3
0
2
1
2
2
5
1
2
4
2
5
7
2
5
1
5
2
2
2
2
3
8
2
4
3
4
2
4
3
2
2
0
3
5
5
3
1
9
5
3
1
3
3
2
0
3
3
3
7
3
2
3
3
4
1
4
3
3
2
6
3
4
5
1
4
1
3
2
2
2
4
4
3
3
3
3
4
4
8
5
2
2
2
5
0
1
1
1
2
4
4
7
3
3
3
7
2
4
1
1
3
3
2
6
3
3
1
5
1
3
2
6
2
3
1
5
3
2
1
1
2
1
4
4
7
3
8
0
3
8
3
2
2
8
1
2
6
2
2
3
2
6
4
3
3
4
1
7
3
4
3
5
3
4
6
5
5
3
1
9
4
7
4
2
5
1
5
2
1
1
0
4
6
4
4
3
3
6
6
3
5
3
3
2
2
2
3
5
2
2
5
5
3
2
4
2
4
8
2
2
3
6
4
1
2
2
0
4
4
3
3
4
4
6
4
4
3
4
3
2
2
3
1
5
5
4
2
5
7
4
2
7
4
4
7
3
5
3
6
4
5
4
3
3
3
0
3
3
5
3
4
3
7
3
1
7
4
4
0
9
6
16
23
43
63
88
131
153
190
192
204
176
145
109
80
36
22
13
9
5
5
6
1
1
6
1
4
9
2
3
3
4
7
5
5
4
3
4
6
3
3
3
2
6
4
3
2
6
4
8
3
2
1
2
5
2
3
2
3
8
1
3
1
2
2
7
4
1
4
3
2
2
5
4
6
3
2
3
2
3
3
4
2
6
1
3
2
4
2
3
4
6
4
6
5
0
5
6
2
5
1
2
2
4
4
2
2
3
1
3
1
4
1
7
5
1
4
3
3
3
4
4
1
5
6
6
0
6
2
3
1
0
4
3
9
3
5
5
3
5
3
2
5
4
3
0
2
1
1
2
3
0
5
4
4
5
4
4
4
2
2
1
2
4
1
3
8
2
1
3
3
0
5
5
3
4
3
4
0
3
4
2
2
3
4
1
9
5
5
1
4
1
4
6
3
2
3
3
2
1
1
1
1
5
4
1
1
2
3
2
5
3
1
3
1
6
6
5
2
2
2
1
3
7
3
2
1
3
1
5
3
5
1
1
3
1
3
4
5
2
4
1
1
0
0
2
5
0
1
3
3
3
4
0
4
3
1
6
1
2
1
3
2
4
0
1
3
3
3
2
1
0
1
1
5
1
3
4
2
1
3
4
3
0
4
1
1
1
2
1
2
1
2
3
1
1
2
1
4
3
4
1
4
0
3
6
1
0
1
1
1
4
3
4
4
1
0
1
2
1
2
1
2
0
1
0
5
4
0
1
4
2
0
2
1
1
1
0
2
5
0
4
3
3
1
0
2
2
4
5
1
2
2
2
1
0
0
2
2
2
1
1
1
2
2
4
1
1
0
3
1
1
4
4
1
0
1
0
2
4
5
0
0
1
2
3
0
3
3
3
1
4
1
4
0
1
1
2
2
4
4
1
3
0
0
1
1
0
0
1
1
1
3
0
0
0
0
2
0
0
1
1
2
2
6
2
1
0
2
1
2
3
3
0
1
2
2
3
2
1
4
0
2
0
4
0
0
2
2
0
1
2
1
0
1
1
1
2
2
1
1
3
1
1
2
1
0
0
3
1
0
2
1
0
2
1
1
2
2
1
2
0
0
1
2
2
0
0
4
2
0
1
1
2
1
2
1
0
2
0
1
4
1
1
2
0
0
3
3
4
3
2
1
3
1
0
3
0
2
2
3
1
3
1
1
2
1
0
2
1
0
1
0
1
1
0
2
1
2
2
1
3
0
2
1
1
1
1
1
5
4
0
1
1
3
2
1
1
0
1
2
0
1
4
2
1
0
2
2
0
1
0
1
1
3
3
0
2
2
1
0
1
1
1
1
1
1
2
0
0
0
0
2
4
1
3
1
3
3
2
0
2
1
0
0
1
2
4
0
2
1
2
0
1
0
0
0
3
2
0
4
4
2
1
0
1
1
2
0
0
0
3
0
0
1
0
1
2
1
2
2
2
5
0
1
2
1
0
0
2
1
1
6
3
2
5
5
0
0
3
2
2
4
0
0
1
1
2
1
1
0
0
0
0
1
1
2
2
2
0
1
0
0
0
1
2
1
2
0
2
0
1
0
1
0
2
2
1
0
5
1
1
0
2
0
0
3
2
0
2
5
3
0
2
4
1
2
2
3
1
0
2
1
1
5
2
5
8
12
25
19
38
49
57
72
70
89
88
78
65
41
28
16
7
5
3
2
3
0
0
2
0
0
1
3
1
3
0
0
0
0
1
0
1
1
3
1
0
2
2
0
0
1
2
0
1
0
1
0
1
1
1
3
0
2
3
1
0
0
2
2
0
1
1
2
3
3
1
1
0
2
0
0
0
0
0
0
4
0
2
1
3
1
1
2
2
1
2
2
0
0
3
3
0
3
0
1
0
1
0
1
1
2
1
1
1
1
2
2
0
0
0
1
1
0
2
1
1
3
0
1
0
0
1
0
1
0
2
2
0
1
2
0
1
1
1
3
1
2
3
0
0
2
0
0
0
4
1
3
0
0
1
1
1
1
2
0
0
2
1
1
0
0
0
1
2
0
0
1
0
1
0
0
1
3
0
1
1
2
2
1
1
0
0
0
0
0
3
1
1
2
2
1
1
1
1
0
2
1
0
1
0
0
0
0
0
0
2
0
1
0
0
0
0
1
0
0
0
4
2
1
1
2
1
5
0
1
2
1
3
2
0
1
0
1
1
2
0
4
0
0
1
1
1
1
0
1
1
1
0
2
0
1
0
2
1
2
1
3
2
0
0
0
1
0
0
0
3
0
1
2
1
0
1
0
2
0
0
1
0
0
2
0
2
0
0
0
1
0
0
2
0
2
0
1
1
0
0
0
0
0
0
0
1
0
3
0
0
2
1
0
2
1
1
1
2
1
1
1
2
0
1
0
1
2
1
0
1
0
0
0
1
0
3
0
1
2
1
2
1
1
1
0
2
0
3
0
1
0
0
0
0
0
0
2
1
1
0
0
0
1
0
0
1
0
2
0
2
0
3
0
1
2
0
0
1
1
0
1
2
1
1
2
0
1
2
0
3
0
1
0
2
0
1
1
2
0
1
3
2
1
1
1
0
0
0
0
1
1
0
0
0
0
1
1
1
0
0
1
0
0
2
0
2
0
1
1
3
0
2
0
3
0
2
1
0
0
0
1
2
1
2
0
1
0
2
0
0
2
0
1
0
0
0
1
1
0
0
3
1
0
1
0
0
0
2
0
0
0
2
1
2
2
0
0
0
0
0
1
1
1
2
0
0
1
0
1
1
2
2
1
0
0
0
0
1
1
0
0
1
1
1
0
0
2
1
1
1
1
2
0
0
1
0
3
0
2
2
0
2
0
0
0
1
3
2
2
1
0
1
0
0
1
1
0
1
1
1
0
0
1
0
0
2
1
1
0
2
2
1
3
0
1
0
0
3
0
0
1
1
0
1
1
0
2
0
1
0
1
1
0
0
0
1
0
3
2
1
2
1
1
0
0
1
0
0
2
0
2
1
2
3
2
0
1
0
1
1
0
0
0
0
1
1
0
2
0
1
1
0
0
0
1
1
0
2
2
1
1
0
1
1
0
0
1
0
1
1
1
1
1
0
0
0
0
2
0
2
2
1
2
2
1
1
1
0
2
0
0
1
1
0
0
0
1
2
3
0
0
1
2
1
0
2
1
0
0
2
1
0
1
1
1
0
2
2
0
0
1
0
0
2
1
0
1
1
2
0
0
1
0
3
0
0
1
1
0
2
1
3
0
0
2
2
1
1
0
0
0
0
0
0
1
1
2
0
0
0
0
0
1
1
0
1
0
0
1
2
2
3
0
1
0
0
1
3
0
1
2
0
2
0
2
1
1
3
3
0
2
2
0
0
1
0
0
1
1
2
1
1
0
0
0
1
0
2
1
0
1
0
1
2
0
1
0
0
0
1
0
0
1
0
0
0
3
0
0
1
0
0
0
0
2
0
1
0
0
1
0
0
1
0
1
0
1
0
1
1
2
1
0
0
2
1
1
1
1
2
2
1
0
1
3
0
1
2
0
0
1
0
0
1
1
1
1
1
1
1
0
2
1
0
0
1
0
1
0
0
0
0
1
0
0
0
1
1
0
0
1
1
0
1
0
0
0
0
1
0
0
0
0
0
0
0
0
0
0
2
1
0
1
2
1
1
0
1
0
0
2
0
0
1
1
2
0
0
1
1
0
0
0
0
3
0
0
1
0
0
0
0
1
0
2
0
1
0
2
1
1
0
2
0
0
1
2
2
0
3
0
1
0
1
1
0
0
2
0
0
1
1
0
2
0
0
0
2
0
0
0
0
1
0
1
0
1
0
0
0
0
0
1
0
0
0
0
0
0
0
1
0
0
1
2
0
0
0
0
2
0
1
0
0
1
3
3
4
1
2
3
2
6
6
5
2
4
7
1
3
1
1
1
0
1
0
0
0
2
0
0
1
0
0
0
0
0
0
0
0
0
1
1
0
0
1
0
0
1
0
0
0
0
0
0
0
1
0
0
1
1
0
0
1
0
2
0
0
0
0
0
1
0
2
0
1
1
0
0
0
0
0
0
0
0
0
0
0
0
0
0
0
0
0
0
0
0
0
1
0
0
0
0
0
0
0
0
2
0
0
0
0
0
0
0
0
0
0
1
1
0
0
0
2
0
0
0
0
0
0
0
0
0
1
0
0
0
0
0
2
0
0
0
0
0
0
1
0
1
0
0
1
0
0
1
0
0
0
0
0
0
1
1
0
0
0
1
0
0
1
1
1
0
1
1
0
0
1
0
0
0
1
0
0
1
1
0
0
0
0
0
1
0
1
0
0
0
0
0
0
0
1
0
0
0
1
0
2
0
0
1
0
0
0
0
1
0
0
0
0
0
0
2
0
2
0
2
1
3
2
4
4
5
3
3
1
3
1
1
2
0
0
0
1
0
0
0
0
0
0
1
0
0
0
0
1
0
0
0
0
0
0
1
0
0
0
0
0
1
1
1
0
0
0
0
0
0
1
1
1
1
1
0
0
0
1
1
0
0
0
0
0
0
0
0
0
0
1
0
1
0
1
0
1
0
0
0
2
0
0
0
0
0
0
0
1
0
0
0
0
1
1
0
2
0
0
1
0
4
5
3
6
7
6
10
7
13
9
10
3
6
3
4
2
0
0
0
0
0
0
0
0
0
1
0
0
0
0
0
0
0
0
0
0
0
0
0
0
0
0
0
0
0
0
0
0
0
0
0
0
0
0
0
0
0
0
0
0
0
0
0
0
0
1
1
0
0
0
1
0
0
0
1
0
0
1
0
0
0
0
0
0
0
0
1
0
0
2
0
1
1
0
0
1
1
0
1
0
0
0
0
0
0
0
0
1
0
0
0
1
0
0
0
2
0
0
1
1
0
0
0
0
1
1
0
1
0
0
0
0
1
1
0
0
0
1
1
0
0
0
0
0
0
0
0
1
0
0
0
0
1
1
0
1
0
0
0
0
0
1
0
1
0
1
0
0
0
1
0
0
0
0
0
0
1
0
1
0
1
0
1
0
0
0
0
0
0
1
1
0
0
0
0
0
0
0
0
0
1
0
0
0
0
0
0
0
1
0
0
1
0
0
0
0
0
0
0
1
0
1
0
0
0
0
0
0
0
0
0
1
0
0
1
0
0
0
1
0
1
0
1
0
0
0
0
0
0
1
0
0
1
0
0
0
0
0
1
0
0
0
0
0
0
0
0
0
0
0
0
0
1
1
0
1
0
0
0
0
1
0
2
0
0
0
0
1
0
0
0
0
0
0
0
0
0
0
0
0
0
0
0
0
0
0
0
1
0
0
0
0
0
0
0
0
0
0
0
0
0
1
0
1
0
0
0
0
0
0
0
0
1
0
1
0
0
0
0
0
0
1
0
0
0
0
0
0
0
0
0
1
0
0
0
0
1
0
0
0
0
0
0
0
0
1
0
1
0
0
0
0
1
0
0
0
0
1
0
0
0
0
0
1
0
0
0
1
0
0
0
1
0
0
0
0
0
0
0
0
0
0
0
0
0
0
0
1
1
0
0
0
1
0
0
0
0
0
0
0
0
0
0
0
0
0
0
0
0
0
0
0
0
0
0
0
1
0
0
0
0
0
0
0
0
1
0
0
0
0
0
0
1
0
0
0
0
0
0
0
0
0
0
0
0
0
0
0
0
0
0
0
0
0
0
0
0
0
0
0
0
0
0
0
1
0
1
1
0
0
0
1
0
0
1
0
0
0
0
0
0
1
0
0
0
0
0
0
0
0
0
0
0
0
0
0
0
0
0
0
0
0
0
0
0
0
0
1
0
0
0
0
0
0
0
0
0
0
0
0
0
0
0
0
0
0
0
0
0
0
0
0
1
0
0
0
1
0
0
0
0
0
0
0
0
0
0
0
0
1
0
0
0
0
1
0
0
0
0
1
0
0
0
0
0
0
0
1
0
1
0
0
0
0
0
0
1
0
0
0
0
0
0
0
0
0
0
0
0
0
0
0
0
0
1
0
0
0
0
0
0
0
0
0
0
0
0
1
0
0
1
0
0
0
0
1
0
0
0
0
0
0
0
0
0
0
0
0
0
0
1
0
0
0
0
0
0
0
0
0
0
0
0
0
0
0
0
0
0
0
0
0
0
0
0
1
0
0
0
0
0
0
0
0
0
0
0
0
0
0
0
0
0
0
0
0
0
0
0
0
0
0
0
0
0
0
0
0
0
0
0
0
0
0
0
0
0
0
0
0
0
0
0
0
0
1
0
0
0
3
1
0
1
5
5
5
3
2
2
1
2
0
0
0
0
0
0
0
0
0
0
0
0
0
0
0
0
0
1
0
0
0
0
0
0
0
0
0
0
0
0
0
0
0
0
0
0
0
0
0
0
0
0
0
0
1
0
0
0
0
0
0
0
0
0
0
0
0
0
0
0
0
0
0
0
0
0
0
1
0
0
0
0
1
0
0
0
0
0
0
0
0
0
0
0
0
0
0
0
0
0
0
0
0
0
0
0
0
0
0
0
0
0
0
0
0
0
0
0
0
0
0
0
0
0
0
0
0
0
0
0
0
0
0
0
0
0
0
0
0
0
0
0
0
0
0
0
0
0
0
0
0
0
0
0
0
1
0
0
0
0
0
0
0
0
0
0
0
0
0
1
0
0
0
0
0
0
0
0
0
0
0
0
0
0
0
0
1
0
0
0
0
0
0
0
0
0
0
0
0
0
0
0
0
0
0
0
0
0
0
1
0
0
0
0
0
0
0
0
0
0
0
0
0
0
0
0
0
0
0
0
0
0
0
0
0
0
0
0
0
0
0
0
0
0
0
0
0
0
0
0
0
0
0
0
0
0
0
0
0
0
0
0
0
0
0
0
0
0
0
0
0
0
0
0
0
0
0
0
0
0
0
0
0
0
0
0
0
0
0
0
0
0
0
0
0
0
0
0
0
1
0
0
0
0
0
0
0
0
0
0
0
0
0
0
0
0
0
0
0
0
0
0
0
0
0
0
0
0
0
0
0
1
0
0
0
0
0
0
0
0
0
0
0
0
0
0
0
0
0
0
0
0
0
0
0
0
0
0
0
0
0
0
0
0
0
0
0
0
0
0
0
0
0
0
0
0
0
0
0
0
0
0
0
0
0
0
0
0
0
0
0
0
0
0
0
0
0
1
0
0
0
0
0
0
0
0
0
0
0
0
0
0
0
0
0
0
0
0
0
0
0
0
0
0
0
0
0
0
0
0
0
0
0
0
0
0
0
0
0
0
0
0
0
0
0
0
0
0
0
0
0
0
0
0
0
0
0
0
0
0
0
0
0
0
0
0
0
0
0
0
0
0
0
1
0
0
0
0
0
0
0
0
0
0
0
0
1
0
0
0
0
0
0
0
0
0
0
0
0
0
0
0
0
0
0
0
0
0
1
0
0
0
0
0
0
0
0
0
0
0
0
0
0
0
0
0
0
0
0
0
0
0
0
0
0
0
0
0
0
0
0
0
0
0
0
0
0
0
0
0
0
0
0
0
0
0
0
0
0
0
0
0
0
0
0
0
0
0
0
0
0
0
0
0
0
0
0
1
0
0
0
0
0
0
0
0
0
0
0
0
0
0
0
0
0
0
0
0
1
0
0
0
0
0
0
0
0
0
0
0
0
0
0
0
0
1
0
0
0
0
0
0
0
0
0
0
0
0
0
0
0
1
0
0
0
0
0
0
0
0
0
0
0
1
0
0
0
0
0
0
0
0
0
0
0
0
0
0
0
0
0
0
0
0
0
0
0
0
0
1
0
0
0
0
0
0
0
0
0
0
0
0
0
0
0
0
0
0
0
0
0
0
0
0
0
0
0
0
0
0
0
0
0
0
0
0
0
0
0
0
0
0
0
1
0
0
0
0
0
0
0
0
0
0
0
0
0
0
0
0
0
0
0
0
0
0
0
0
0
0
1
0
0
0
0
0
0
0
0
0
0
0
0
0
0
0
0
0
0
0
0
0
0
0
0
0
0
0
0
0
0
0
0
0
0
0
0
0
0
0
0
0
0
0
0
0
0
0
0
0
0
1
0
0
0
0
0
0
0
0
0
0
0
0
0
0
0
0
0
0
0
0
0
1
0
0
0
0
0
0
0
0
0
0
0
0
0
0
0
0
0
0
0
0
0
0
0
0
0
0
0
0
0
0
0
0
0
0
0
0
0
0
0
0
0
0
0
0
0
0
0
0
0
0
0
0
0
0
0
0
0
0
0
0
0
0
0
0
0
0
0
0
0
0
0
0
0
0
0
0
0
0
0
0
0
0
0
0
0
0
0
0
0
0
0
0
0
0
0
0
0
0
0
0
0
0
0
0
0
0
0
0
0
0
0
0
0
0
0
0
0
0
0
0
0
0
0
0
0
0
0
0
0
0
0
0
0
0
0
0
0
0
0
0
0
0
0
0
0
0
0
0
0
0
0
0
0
0
0
0
0
0
0
0
0
0
0
0
0
0
0
0
0
0
0
0
0
0
0
0
0
0
0
0
0
0
0
0
0
0
0
0
0
0
0
0
0
0
0
0
0
0
0
0
0
0
0
0
0
0
0
0
0
0
0
0
0
0
0
0
0
0
0
0
0
0
0
0
0
0
0
0
0
0
0
0
0
0
0
0
0
0
0
0
0
0
0
0
0
0
0
0
0
0
0
0
0
0
0
0
0
0
0
0
0
0
0
0
0
0
0
0
0
0
0
$ROI:
1
1963 2088
$PRESETS:
None
0
0
$ENER_FIT:
0.821043 0.415458
$MCA_CAL:
3
8.210427E-001 4.154576E-001 5.811550E-008 keV
$SHAPE_CAL:
3
3.551624E+000 9.344270E-004 -9.079200E-009
