4.138957750232046237e+05 5.767563508468150394e+04
1.264487596737660002e+06 2.085760763803059235e+05
1.565875151336636627e+06 2.980324166485439055e+05
1.572455361891788896e+06 3.387984692659717984e+05
1.434691759808038827e+06 3.447632096416037530e+05
1.238888366594557418e+06 3.281075199801267590e+05
1.032331277513299952e+06 2.983825648481732933e+05
8.390434690977334976e+05 2.625125246034923475e+05
6.695512879057386890e+05 2.251815827895819675e+05
5.268560831295013195e+05 1.893275730230336776e+05
4.100204387421667925e+05 1.566114263450529543e+05
3.162699408074324019e+05 1.278105561304013827e+05
2.421827652149634669e+05 1.031245038195661618e+05
1.843278593832945917e+05 8.239973569951503305e+04
1.395770403587068140e+05 6.528747378842145554e+04
1.052300998388947628e+05 5.134960621083696606e+04
7.903749806885774888e+04 4.012624377331395226e+04
5.917107108089709800e+04 3.117606851093444129e+04
4.417200151505281974e+04 2.409810464576614322e+04
3.289235676151327789e+04 1.854130939000164653e+04
2.443872360876965467e+04 1.420655728978724437e+04
1.812191262085050403e+04 1.084418070211659870e+04
1.341412728622896066e+04 8.249179990304177409e+03
9.913610336026285950e+03 6.255462464250509584e+03
7.316103953246816673e+03 4.729942275895018611e+03
5.392190290794433167e+03 3.566976385961856067e+03
3.969530377824590687e+03 2.683377315425001143e+03
2.919083782275488375e+03 2.014095311168029184e+03
2.144504888892783129e+03 1.508573624673219911e+03
1.574038998805805022e+03 1.127731105173470496e+03
1.154364171042891030e+03 8.415022835007846425e+02
8.459342010157354252e+02 6.268569185340379590e+02
6.194713578603661972e+02 4.662220911510446513e+02
4.533378657691156945e+02 3.462394859919289161e+02
3.321736744403528405e+02 2.573953914667428648e+02
2.890853687770045326e+02 2.369180272561927723e+02
1.640590598930577471e+03 1.604197493897101594e+03
1.932750274305412313e+04 1.921587848658399162e+04
1.134196827342682664e+05 9.635293469454038132e+04
3.514861309959241189e+05 1.280131993072099285e+05
3.263548962100931676e+05 1.320411388906643260e+05
9.722132684202812379e+04 8.600678579904083745e+04
1.534773543509287083e+04 1.530072957130793839e+04
1.087879779932983411e+03 1.085016224460011699e+03
4.532589629962408395e+01 4.334752032323483917e+01
1.066847325334842367e+01 9.297132474767156651e+00
7.487654271988104959e+00 6.537552185352246248e+00
5.445163399696441253e+00 4.787214017888799411e+00
3.959693659619271333e+00 3.504264843630271020e+00
2.878664476919758464e+00 2.563554393979660340e+00
2.092201495005673983e+00 1.874267316457660204e+00
1.520208584464231905e+00 1.369542090615218033e+00
1.104317582024502808e+00 1.000195477121991861e+00
8.020096258622206875e-01 7.300795743553647466e-01
5.823222389489483009e-01 5.326487249742041241e-01
4.227158839037594151e-01 3.884239436687957903e-01
3.067878450199060802e-01 2.831222637296162414e-01
2.226050104124338291e-01 2.062780537102303080e-01
1.614884905915412727e-01 1.502279045040411931e-01
1.171279566717743081e-01 1.093638956583407318e-01
