4.495718692374544917e+05 7.901509670267079491e+04
1.218604201924733818e+06 2.773751306109956931e+05
1.486025326354625635e+06 4.134389083499349654e+05
1.487086325712718535e+06 4.867535099169064779e+05
1.358826946798988152e+06 5.091745859839064069e+05
1.178873073322729673e+06 4.953996007368564606e+05
9.893536318267735187e+05 4.587890440735679585e+05
8.115494799455297180e+05 4.099092971308124252e+05
6.547907093464685604e+05 3.563800789832661394e+05
5.218008019670442445e+05 3.032700923553078901e+05
4.118584785400957335e+05 2.536569218728754204e+05
3.226292458063709200e+05 2.091717437495733029e+05
2.511940166955803579e+05 1.704576296711999748e+05
1.945995373990111984e+05 1.375243824652621988e+05
1.501292350064421771e+05 1.100074713675955427e+05
1.154148927982201712e+05 8.734777551532730286e+04
8.846129125078135985e+04 6.891034804461381282e+04
6.762634017611257150e+04 5.405854395862758975e+04
5.158120269186462974e+04 4.219683032321721839e+04
3.926405444921886374e+04 3.279249413928540889e+04
2.983467379135265583e+04 2.538374215089794234e+04
2.263330467782482083e+04 1.957949104396633993e+04
1.714511250788499092e+04 1.505446880231410614e+04
1.297046078905407558e+04 1.154207021576943225e+04
9.801940416210562034e+03 8.827811521857593107e+03
7.426270309699962127e+03 6.763057972976334895e+03
5.900961223656472612e+03 5.450131802759558013e+03
6.491376058512541022e+03 6.185357855990950156e+03
1.367070702665618410e+04 1.346024243300955823e+04
3.415584282294833974e+04 3.308766059084040171e+04
7.726482226424408145e+04 4.748426097693368501e+04
1.271310327941364958e+05 2.806648690395281301e+04
8.057965999642139650e+04 4.612528360513166990e+04
3.450703721776873863e+04 3.323124012836626207e+04
1.200182969599198077e+04 1.197746163861856076e+04
2.986953692772918203e+03 2.973719745095470444e+03
6.896490635633513193e+02 6.807509160186416466e+02
2.715694459926503441e+02 2.655902648741042640e+02
1.786505166553670279e+02 1.746356388137525641e+02
1.318979486631909595e+02 1.292038870833221154e+02
1.000732807408924572e+02 9.826668039745918293e+01
1.391886126118747313e+02 1.379778756868494440e+02
1.382555309231589945e+03 1.381744379221283907e+03
1.405192357241881837e+04 1.405138072883749192e+04
7.734363792655586440e+04 7.734324578420944454e+04
2.245186243865470751e+05 2.217125146833062172e+05
4.577181160519038094e+05 2.156022136263966095e+05
2.749607649273501011e+05 2.563595130122944247e+05
1.096309494999087619e+05 1.096296046994656062e+05
2.366249223733266990e+04 2.366244389732868149e+04
2.674615899708031520e+03 2.674583646438291453e+03
1.613557801632005066e+02 1.613342686904570655e+02
7.701281062694177670e+00 7.686939324688997210e+00
2.186722995871475561e+00 2.177164822485358364e+00
1.565301725566689894e+00 1.558933837916360643e+00
1.160825159398326090e+00 1.156584154100337436e+00
8.609631891510794999e-01 8.581396069267902549e-01
6.383736544835987292e-01 6.364943582033764091e-01
4.731956300801229975e-01 4.719452040944701610e-01
3.506595044145583429e-01 3.498277537872684362e-01
2.597844798539820088e-01 2.592313781983858201e-01
1.924096830758930121e-01 1.920419797920939753e-01
1.424721854996172932e-01 1.422278004443945643e-01
1.054692516378672590e-01 1.053068688329669295e-01
7.805798086522139356e-02 7.795011173099433699e-02
5.775736485561236422e-02 5.768572586711710748e-02
4.272665203617688479e-02 4.267908566923579727e-02
3.160054069273605243e-02 3.156896507568521942e-02
2.336667612316426293e-02 2.334572014450717395e-02
1.727462634321976290e-02 1.726072134084394652e-02
