5.321583971047658706e+05 6.451920021341997199e+04
1.426111255981995026e+06 2.333710207049653400e+05
1.717726425689181546e+06 3.529006471044230275e+05
1.696324853661870584e+06 4.181689631501818076e+05
1.528314288659544894e+06 4.381926393220503815e+05
1.306311138316449244e+06 4.257698076691546012e+05
1.079304342607361730e+06 3.929304932418782264e+05
8.710222914974902524e+05 3.492824388349092333e+05
6.909961486653343309e+05 3.017489179177986225e+05
5.411298706101909047e+05 2.548979242485465948e+05
4.195276532250486780e+05 2.114570306534853298e+05
3.226642317709888448e+05 1.728242822430774686e+05
2.465669980761911720e+05 1.394993907551889424e+05
1.874191759454023268e+05 1.114162569733624405e+05
1.418320557376866927e+05 8.818355687377185677e+04
1.069347468344607332e+05 6.924963962593037286e+04
8.036888095981825609e+04 5.400957044515956659e+04
6.023861561842452647e+04 4.187027051110975299e+04
4.504400763408999774e+04 3.228666156628559111e+04
3.361264299849252711e+04 2.477862064609584922e+04
2.503678184032359422e+04 1.893586926722670614e+04
1.861915224039473469e+04 1.441594509905102677e+04
1.382961788267160955e+04 1.094018457233388472e+04
1.028172041024325154e+04 8.299399273736496980e+03
7.767374442889957209e+03 6.409880663768881277e+03
6.448180743881588569e+03 5.520137089266110706e+03
7.287149276903598548e+03 6.653682184649048395e+03
1.238652006796408386e+04 1.195364508591945196e+04
2.412124247923385701e+04 2.369336658484624058e+04
4.382062756872487807e+04 3.944929495552666049e+04
7.585967652076142258e+04 4.230783160540458630e+04
1.011767311434544681e+05 3.221693094681386719e+04
7.776266550786774314e+04 4.118513003257110540e+04
4.432487384425877099e+04 3.930151675155339035e+04
2.328923149688503690e+04 2.308586061506736951e+04
1.018735214274205464e+04 1.016647675033474115e+04
3.582881388449522092e+03 3.569847444407701005e+03
1.052424423098785610e+03 1.043632370814166279e+03
2.965851815541108749e+02 2.906570863883364950e+02
1.084653637132562665e+02 1.044710264134552631e+02
6.074489738787560356e+01 5.805526025357723796e+01
6.738530256744989799e+01 6.557531422479202377e+01
7.127336612108844065e+02 7.115163440367915655e+02
8.910233849703159649e+03 8.909415585608632682e+03
5.713662004732598871e+04 5.713266787053598819e+04
1.866400548581945477e+05 1.757134660406401963e+05
4.091793221734866966e+05 1.580314358582291752e+05
2.397753846502869565e+05 1.984543220823216543e+05
8.357938360936316894e+04 8.353060995741203078e+04
1.572758482172165168e+04 1.572750971728987861e+04
1.463012917386147819e+03 1.462962873708742336e+03
6.874328466812087868e+01 6.870976960838061132e+01
2.817034488595324238e+00 2.794597424729116764e+00
9.663641125024514666e-01 9.513488292135666713e-01
6.922396210971371033e-01 6.821946566325611805e-01
5.044318138609577007e-01 4.977141817901714616e-01
3.675245025165765900e-01 3.630335111101029022e-01
2.677030464312065705e-01 2.647015942725936544e-01
1.949424436699159768e-01 1.929371012169396327e-01
1.419216246621367306e-01 1.405822006482468078e-01
1.032958119323895696e-01 1.024014273819684184e-01
7.516430059771000982e-02 7.456724987981491748e-02
5.468119506466453950e-02 5.428273688463967905e-02
3.977081187001436230e-02 3.950495828078284116e-02
2.891968275589389126e-02 2.874234791545886292e-02
2.102459533105467682e-02 2.090633455979885175e-02
1.528161257630374255e-02 1.520276549348997634e-02
1.110504782481428268e-02 1.105249066587387502e-02
8.068329146203199673e-03 8.033303805524109539e-03
5.860853332487160269e-03 5.837516609316417693e-03
