7.328340628087425139e+05 1.586779798426262569e+05
1.931570312238414306e+06 5.275029974872223102e+05
2.291751165490593761e+06 7.513200872433129698e+05
2.232562790754275396e+06 8.494045250278082676e+05
1.986872087066286243e+06 8.558111318416828290e+05
1.679581924863093067e+06 8.036229090692261234e+05
1.373984737193310633e+06 7.193217837697174400e+05
1.098973452572489856e+06 6.218463977018014994e+05
8.648495536009281641e+05 5.235556277222329518e+05
6.723757491959570907e+05 4.317488765501375310e+05
5.178554914735771599e+05 3.501451724861850380e+05
3.958984293366167694e+05 2.801008097542331088e+05
3.008560950037678704e+05 2.215232358399568475e+05
2.275078303999437194e+05 1.735134854604954890e+05
1.713356173222629295e+05 1.347930904981475614e+05
1.285830886157574714e+05 1.039718341697073774e+05
9.620934596679013339e+04 7.970413663060680847e+04
7.179865813892678125e+04 6.077108323152567027e+04
5.345844491987472429e+04 4.611511030391942040e+04
3.972163559342500957e+04 3.484618824489844701e+04
2.946042275874633560e+04 2.623212359325835496e+04
2.181357197161928707e+04 1.968110280201036585e+04
1.612699300462606698e+04 1.472147103548672021e+04
1.190616963977058367e+04 1.098163759174120241e+04
8.778682992581938379e+03 8.171654883569650337e+03
6.466085636820623222e+03 6.068196250657557357e+03
4.792722570782373623e+03 4.532323524053154870e+03
4.117161243047034986e+03 3.946988372165767032e+03
8.172292849352212215e+03 8.061232216487289406e+03
2.898632159860025058e+04 2.891373439409388448e+04
7.294220878142630681e+04 7.043680052446841728e+04
1.316668511148200778e+05 6.626088713384061703e+04
7.582829694940168702e+04 7.213244331398552458e+04
2.994003294285010270e+04 2.992666970528029560e+04
6.728304514725132321e+03 6.719921965664823801e+03
1.020325124681527541e+03 1.014893719538968298e+03
2.554276916390014094e+02 2.519112731397172524e+02
1.545746390407792603e+02 1.522997508936725524e+02
1.115408076387183627e+02 1.100701619424866777e+02
8.120669323479214086e+01 8.025661226172815077e+01
5.990170780118763361e+01 5.928832361879748447e+01
7.992097234185051491e+01 7.952520709647565411e+01
8.848605911317620212e+02 8.846053864563687057e+02
1.003995760248639090e+04 1.003979029977478604e+04
5.974430390166235156e+04 5.969203162074311695e+04
1.922825766596492613e+05 1.691576680057721096e+05
4.010041329875678639e+05 1.545993028812582488e+05
2.484405925485248445e+05 1.853300777629953809e+05
8.619250709268834908e+04 8.580394878540086211e+04
1.732015358689197819e+04 1.732008442534361166e+04
1.773412123753337028e+03 1.773404631198932066e+03
9.372337998781937074e+01 9.371856902691727953e+01
3.683068098701065107e+00 3.679980073405789032e+00
9.417646454011464607e-01 9.397832490871845801e-01
6.579647415044185266e-01 6.566938478229271681e-01
4.756492428172687248e-01 4.748343508725909601e-01
3.438580708615929238e-01 3.433357359780832008e-01
2.485079595786880979e-01 2.481732553283951259e-01
1.795450966291379513e-01 1.793306884516265576e-01
1.296829753198593949e-01 1.295456679419499935e-01
9.364236904896054703e-02 9.355446212635241954e-02
6.759981448871954512e-02 6.754355017726665356e-02
4.878719210802143907e-02 4.875119003354740771e-02
3.520113983299811428e-02 3.517810896520042613e-02
2.539226546881566057e-02 2.537753607620946497e-02
1.831230861129181167e-02 1.830289070267381371e-02
1.320336570084234933e-02 1.319734534182772680e-02
9.517633349875941756e-03 9.513785734632167895e-03
6.859284222605092560e-03 6.856825751436214020e-03
4.942387301924336569e-03 4.940816774149796135e-03
