1.499014845626035486e-01 1.094160430575324972e-02
6.205769416804023386e-01 4.529716839644726267e-02
7.968459334862407761e-01 5.816341675711500514e-02
1.023166917613794080e+00 7.468307776510130225e-02
1.313780459506804110e+00 9.589561114323053026e-02
1.686839504025277270e+00 1.231260572597641101e-01
2.166073248420535613e+00 1.581064921778674304e-01
2.781266776118841655e+00 2.030110457207303654e-01
3.571244005453892534e+00 2.606736481836504637e-01
4.585471493077475813e+00 3.347051192852212864e-01
5.887955629000512836e+00 4.297776734446721036e-01
7.560240277729871394e+00 5.518437894623282602e-01
9.707402181253366180e+00 7.085739382008426901e-01
1.246464554658611412e+01 9.098381174526668502e-01
1.600479536434988148e+01 1.168253102018098843e+00
2.055118597456476692e+01 1.500123708240440834e+00
2.638814943969893534e+01 1.926209164015570963e+00
3.388139418297053851e+01 2.473211937434825813e+00
4.350452425141784829e+01 3.175715687424926159e+00
5.586000434371317169e+01 4.077719137331932586e+00
7.172559322542321070e+01 5.236031459149984357e+00
9.209625796019670929e+01 6.723341551001283278e+00
1.182515324859537884e+02 8.633151150260943041e+00
1.518333071868118509e+02 1.108547986491959136e+01
1.949489981879759739e+02 1.423444028754821034e+01
2.503195109459592800e+02 1.827911261868996462e+01
3.213879748535448471e+02 2.347159907525286826e+01
4.126438134959713580e+02 3.014088469273093551e+01
5.298157001196490228e+02 3.870724656433071686e+01
6.802131610265209929e+02 4.970772566685764104e+01
8.732908421496592837e+02 6.383822223731556278e+01
1.121119593550886293e+03 8.198933841786833909e+01
1.439211514753982328e+03 1.053090392631809209e+02
1.847425810953758628e+03 1.352727559140842004e+02
2.371204083288216225e+03 1.737801255369827231e+02
3.043229722522275551e+03 2.232870053034171178e+02
3.362510769877338134e+03 2.468475092204384964e+02
3.715186142290560838e+03 2.729019857644707372e+02
3.905092463172362386e+03 2.869445624903896714e+02
4.104630466636275742e+03 3.017091106397983822e+02
4.534949348088512124e+03 3.335840403115234949e+02
5.010082029769188011e+03 3.688325576960660328e+02
5.534840122831721601e+03 4.078286756167826752e+02
6.426349602275859070e+03 4.742382027820203803e+02
8.240488567556487396e+03 6.099956814954530273e+02
1.056275737868778378e+04 7.849964092793070449e+02
1.353286236684329015e+04 1.010820777798911877e+03
1.569814023544426163e+04 1.176877835862451320e+03
1.732747388249132928e+04 1.302629579476240906e+03
2.216679122859648487e+04 1.680187605822349724e+03
2.832941397010866785e+04 2.169867048932203033e+03
3.201189469740109416e+04 2.467276653818731575e+03
3.444098409111949150e+04 2.665442868131220166e+03
3.528984403318616387e+04 2.735067268443002831e+03
3.615886164845836902e+04 2.806546342552064743e+03
3.795843953385378700e+04 2.955215951022975787e+03
3.928995823129182099e+04 3.065783060490561184e+03
4.140585329473125603e+04 3.242477101717013284e+03
4.607058460149794701e+04 3.636355591258594359e+03
4.952386464976030402e+04 3.931817061747620755e+03
5.857141891358076828e+04 4.721774972876555694e+03
6.597403476390006836e+04 5.385459485180079355e+03
7.425405488549135043e+04 6.146693912611779524e+03
7.967904941011129995e+04 6.656457144969055662e+03
9.379819854818697786e+04 8.025035293448614539e+03
9.975345046798454132e+04 8.620833653919718927e+03
1.092072094478146610e+05 9.589863982742812368e+03
1.129610019461442862e+05 9.982680632892879657e+03
1.179365811424069980e+05 1.051052140714490088e+04
1.319617202443426067e+05 1.204336835070044617e+04
1.474090702982012881e+05 1.381116547263212851e+04
1.540078128488492803e+05 1.459268785070942249e+04
1.608364601643029891e+05 1.541856774624600075e+04
1.679272088628400234e+05 1.629500074636767386e+04
1.752651449350870680e+05 1.722269481084059225e+04
1.828457144629333343e+05 1.820374335917035933e+04
1.906950894750325533e+05 1.924452190356425126e+04
1.987837511401756201e+05 2.034433494362919009e+04
2.071438729516889434e+05 2.151106937450854457e+04
2.157428964681597427e+05 2.274399700855082483e+04
2.246074244879634352e+05 2.405106304921803530e+04
2.337112395596015267e+05 2.543291849943203852e+04
2.430556278187205316e+05 2.689454441954620415e+04
2.526385593805709505e+05 2.844088211245846469e+04
2.624457141135190614e+05 3.007529810079076560e+04
2.724688833985651145e+05 3.180252786327135982e+04
2.826963100675016176e+05 3.362715728187107015e+04
3.036910430920406361e+05 3.758439210770238424e+04
3.144247876529562054e+05 3.972648780183983035e+04
3.198392703014133149e+05 4.083988642734254245e+04
3.218161689745254116e+05 4.125210391327599064e+04
3.227518503197550308e+05 4.144829206680424977e+04
3.252795103961705463e+05 4.198179560826305533e+04
3.472754102460989379e+05 4.685431926810432924e+04
3.694278010978015373e+05 5.222994848186458694e+04
3.804710652281044750e+05 5.511370675851730630e+04
3.914373859799940255e+05 5.813110427412705030e+04
4.129497150712765870e+05 6.457067237082670908e+04
4.335513443419712130e+05 7.154717776150081772e+04
4.433665245649761055e+05 7.523151627041754546e+04
4.527700275301517104e+05 7.903916053247958189e+04
4.616996991816567024e+05 8.296540237491717562e+04
4.700853466998588992e+05 8.700162372841476463e+04
4.778537018331422005e+05 9.113657505511806812e+04
4.849314716789870872e+05 9.535749008260067785e+04
4.912415256125571905e+05 9.964729645586130209e+04
4.967125555875422433e+05 1.039906076670823386e+05
5.012658504019116517e+05 1.083636633987867972e+05
5.048282473312193761e+05 1.127427798202255508e+05
5.073283208229326410e+05 1.171015243746604538e+05
5.086962746246339520e+05 1.214076237663174979e+05
5.087762186225542100e+05 1.263206108693476999e+05
5.077842490290824790e+05 1.297269741536453366e+05
5.016544217698597349e+05 1.373875727447175886e+05
4.965286502297791885e+05 1.408647523545974400e+05
4.899840825794607517e+05 1.440477011567459558e+05
4.820253786008052994e+05 1.468793499930935213e+05
4.726515659297788516e+05 1.493131067726946203e+05
4.618907318893455667e+05 1.512984393998903688e+05
4.497388287841897691e+05 1.527927999429033371e+05
4.362728975854121381e+05 1.537450354797330219e+05
4.215573078852263279e+05 1.541133084507500753e+05
4.056743065027900157e+05 1.538601736669283709e+05
3.887050381758235162e+05 1.529529006823782111e+05
3.707672725295145647e+05 1.513659065266086836e+05
3.519961933301794925e+05 1.490832459172718227e+05
3.325424356548672076e+05 1.461000674230910954e+05
3.125513622705381131e+05 1.424201883688369417e+05
2.990074393476023688e+05 1.395879506448167958e+05
2.921805405123419478e+05 1.380589525834993692e+05
2.887657045302024344e+05 1.372689173175798496e+05
2.853396848060305347e+05 1.364594759574222844e+05
2.715973083777340362e+05 1.330443801915947697e+05
2.509915143089345365e+05 1.274224279327885306e+05
2.305223331959687930e+05 1.212437925382667745e+05
2.103653457849612169e+05 1.145762644607596158e+05
1.906778706248447997e+05 1.074948265507212491e+05
1.716118233571230376e+05 1.000849917084807821e+05
1.533311471866086358e+05 9.245041166636531125e+04
1.195569364846460521e+05 7.688835560042964062e+04
9.012984449426634819e+04 6.162343741431474336e+04
6.547878355033966363e+04 4.741608713898253336e+04
5.498025128902366123e+04 4.090922943154937093e+04
4.568105834755834803e+04 3.488542002148609754e+04
3.752897226218538708e+04 2.938065194182873529e+04
3.047709420991110892e+04 2.442944598709984348e+04
2.444710857883890276e+04 2.003837023526586563e+04
1.935962705350857868e+04 1.620531823487859947e+04
1.512476384025531661e+04 1.291213491803806755e+04
1.273181338599357878e+04 1.100482696768587812e+04
1.165575487860143585e+04 1.013546435330302302e+04
8.920595601887172961e+03 7.898585363614947710e+03
7.348620990229414929e+03 6.677132220837726891e+03
9.614183695754742075e+03 9.183233997303002980e+03
2.343113649603126396e+04 2.294293507625840721e+04
6.084387512798787793e+04 4.352629162264722981e+04
1.118030739249031467e+05 2.999831076605507405e+04
5.697108240169141209e+04 4.199879227233267738e+04
1.600669975651185996e+04 1.591345464108632768e+04
2.408298918617125764e+03 2.391512633445909614e+03
4.072616834485997401e+02 3.985107554498169407e+02
2.336175894584563935e+02 2.292124467588859034e+02
5.302070797757535729e+03 5.298022105236304014e+03
3.324617619681022188e+04 3.282509466143035388e+04
1.339823488892894820e+05 1.140648998458944261e+05
4.404862723958872957e+05 1.681026507834894583e+05
2.109196245890935534e+05 1.509909067223496968e+05
5.339521373963117367e+04 5.175917013611155562e+04
7.129790065704426524e+03 7.124845191516178602e+03
4.348030743024336857e+02 4.347244982791322059e+02
0.000000000000000000e+00 0.000000000000000000e+00
0.000000000000000000e+00 0.000000000000000000e+00
0.000000000000000000e+00 0.000000000000000000e+00
0.000000000000000000e+00 0.000000000000000000e+00
0.000000000000000000e+00 0.000000000000000000e+00
