7.354922104200832546e+05 1.504701721456189407e+05
2.725129620500942226e+06 6.762833899459103122e+05
2.409974669136994984e+06 7.007361067413268611e+05
1.671591864218995441e+06 5.553728146841288544e+05
1.044230906851299223e+06 3.889472528501349734e+05
6.154866472944365814e+05 2.531805590182732558e+05
3.496896022461797693e+05 1.569360360499361414e+05
1.937427458709608763e+05 9.390934851420519408e+04
1.054095290942777792e+05 5.471517916560421872e+04
5.657932183913404879e+04 3.122522056156733015e+04
3.047607250610973279e+04 1.794715813396189333e+04
2.473342846373527573e+04 1.860213116190870642e+04
6.565988270855569863e+04 5.965108877549189492e+04
1.565580966009013355e+05 6.374559474743073224e+04
6.666576191016056691e+04 6.079438515297623235e+04
1.207029943127327897e+04 1.174170960144089440e+04
1.177687204978119325e+03 1.021915137508929320e+03
3.198256854294584741e+02 2.461073254222580431e+02
1.051349771655199766e+04 8.440552557623204848e+03
4.583110171504925238e+05 8.456817927830724511e+04
2.770025730381922331e+05 8.083778624630696140e+04
2.842999777774811264e+03 2.544708921760969133e+03
1.128600337399807785e+01 9.615477216338778277e+00
5.259128242032338640e+00 4.481978303063310243e+00
2.661727283044121872e+00 2.300588138515732961e+00
1.345551644843488770e+00 1.178019262880255713e+00
6.794601264516156869e-01 6.018647976895109553e-01
3.427593699110106917e-01 3.068724140258732302e-01
1.727455798824735489e-01 1.561707949083729063e-01
8.698483596320914779e-02 7.933925285986710707e-02
