2.999999999999999889e-01 2.734448072181937528e-01 5.855248941079342628e-02
5.000000000000000000e+05 4.994709844126533717e+05 1.323444817256109673e+05
8.000000000000000444e-01 5.735231347864293561e-01 2.558746083473493749e-01
1.000000000000000000e+05 1.235715372129335447e+05 6.148174410392182472e+04
8.000000000000000444e-01 4.947647346914883504e-01 2.781047554634829555e-01
1.000000000000000000e+05 4.191778783060124988e+04 4.526147579084787867e+04
1.000000000000000000e+00 6.453582981131088525e-01 6.402029907587519775e-02
5.000000000000000000e+05 8.499771221619581338e+05 1.097287527019462868e+05
1.100000000000000089e+00 1.054499195850208348e+00 2.877346814633602659e-02
1.000000000000000000e+04 1.377522414202910477e+04 4.739835719050234729e+03
