1.938368090593710775e+06 3.850678070732492488e+05
2.923996408583276905e+06 6.569153057004674338e+05
2.634045426950610243e+06 6.594468801010400057e+05
2.126209510816973634e+06 5.861938209494482726e+05
1.633939429825416300e+06 4.912687706053904258e+05
1.221148612882321700e+06 3.971493829227448441e+05
8.965044118795653339e+05 3.131990671298543457e+05
6.501009140274856472e+05 2.425077827514412347e+05
4.672086723503128160e+05 1.851221400657672202e+05
3.334996709320839727e+05 1.397143805723945261e+05
2.368047892711843306e+05 1.044607625560239248e+05
1.674428524245079025e+05 7.749110434983769665e+04
1.179973002080715669e+05 5.710096375306558912e+04
8.292229895424796268e+04 4.183383182842862152e+04
5.813926433052526409e+04 3.049483665530199505e+04
4.068446141462429659e+04 2.213109614893775870e+04
2.842353821211836839e+04 1.599838954353711233e+04
1.983003225414226472e+04 1.152471520217010038e+04
1.381817361330094354e+04 8.276007533280240750e+03
9.619027124787518915e+03 5.926279448637596943e+03
6.689973868463644067e+03 4.232817951269092191e+03
4.649223317032493469e+03 3.016226245750678572e+03
3.228801104127402141e+03 2.144733135063523150e+03
2.241005362628532566e+03 1.522072392469058741e+03
1.554589616962122363e+03 1.078248489387664449e+03
1.077918809926569338e+03 7.625795297697879960e+02
7.470957281732912634e+02 5.385039893263362956e+02
5.176305888390503469e+02 3.797507766530966364e+02
3.617157397493002122e+02 2.706381445319642012e+02
4.728166016110162104e+02 4.126846396387794016e+02
5.978549708665254002e+03 5.914024915621974287e+03
5.870020026443973620e+04 5.190390656559184572e+04
2.715421185628093663e+05 1.168810110814999789e+05
4.003003579342798330e+05 1.040379331630160450e+05
1.447275618962407752e+05 9.712313485935679637e+04
2.175053388036589968e+04 2.110426973519988314e+04
1.418245784379041424e+03 1.414283349505765500e+03
4.677683420694911121e+01 4.464751391964613703e+01
9.292795555797008333e+00 7.893002055239596970e+00
6.215322833637128674e+00 5.295397744610576218e+00
4.294239370524691957e+00 3.689873503749264927e+00
2.967070910224931524e+00 2.570141489422676173e+00
2.049851739986984889e+00 1.789236999919321836e+00
1.416028386575058029e+00 1.244962679259398186e+00
9.780891561320741445e-01 8.658328359548641551e-01
6.755284845165429042e-01 6.018827327549097772e-01
4.665188406771512142e-01 4.182153515383424391e-01
3.221487080185480023e-01 2.904743552001345375e-01
2.224367380966513208e-01 2.016713670170264261e-01
1.535750475958614081e-01 1.399644142613004349e-01
