1.960543506241974421e+06 5.058464874618262984e+05
2.920838852298303973e+06 6.801196283665713854e+05
2.598875610456798226e+06 5.436154810158493929e+05
2.072242495318157831e+06 3.880394342875203583e+05
1.573199629730838118e+06 2.635095234163596760e+05
1.161639777267805999e+06 1.747865914959826041e+05
8.426614922654567054e+05 1.153502841323727043e+05
6.038419174365611980e+05 7.705056436185026541e+04
4.288849038143219659e+05 5.289186563886940712e+04
3.025939073572136112e+05 3.762978892944555264e+04
2.123928251069928228e+05 2.769425786449876614e+04
1.484747661053636111e+05 2.088125299151879153e+04
1.034545228755980352e+05 1.594701827350040548e+04
7.189482375200321258e+04 1.222565246427060629e+04
4.985459258735192998e+04 9.356495547820137290e+03
3.450937912607212638e+04 7.127427885149598296e+03
2.385209154827542443e+04 5.397434108856516104e+03
1.646575527555353983e+04 4.062010810186067829e+03
1.135513633621500230e+04 3.038564550170405710e+03
7.824081533074253457e+03 2.260174659885817164e+03
5.387257081653751811e+03 1.672521737939816376e+03
3.707224071373534116e+03 1.231896707385412356e+03
2.549896223112480584e+03 9.035605802593659064e+02
1.753186280490018135e+03 6.602567949011897781e+02
1.205034760696952617e+03 4.808564645017577277e+02
8.280693953777044953e+02 3.491576493510506225e+02
5.689298501843069289e+02 2.528548469430508021e+02
3.910066129808743085e+02 1.826744008149734668e+02
2.745514234451419497e+02 1.336345430440267705e+02
3.496339172754964579e+02 3.889886200590788690e+02
3.332729663355285993e+03 4.106406499492473813e+03
4.001224511269531649e+04 2.402142552407037147e+04
2.456613647229533235e+05 3.909938355548473191e+04
3.943943314894994255e+05 8.491559640968544409e+04
1.163384123859117972e+05 3.822573448997028754e+04
1.288069163949580616e+04 1.151349435257060031e+04
8.339778514015683868e+02 1.397767505931240521e+03
4.483378301619611506e+01 1.069219844442827139e+02
7.451920890953435794e+00 7.809530606496433158e+00
4.359571750208496077e+00 3.308718731620342801e+00
2.977670818069606540e+00 2.343346023868146055e+00
2.047824712747909004e+00 1.666721207178150088e+00
1.409002513441675264e+00 1.185015604262752875e+00
9.696977637196471100e-01 8.422472959109885693e-01
6.675243003819736343e-01 5.984547522564106492e-01
4.596287603990010240e-01 4.251273315370117656e-01
3.165628160745816988e-01 3.019402086138888164e-01
2.180861506753364043e-01 2.144143151644055945e-01
1.502845740228989091e-01 1.522414123285102394e-01
1.035908225502503721e-01 1.080866510111340162e-01
