1.194816346138587222e+06 1.766252380927137565e+05
4.326191641344078816e+06 8.602451480390839279e+05
2.618431446399045642e+06 6.514916087127472274e+05
1.227069331731904764e+06 3.650333479166368488e+05
5.163267962538466672e+05 1.779567173223709106e+05
2.048060431832143804e+05 7.990618071140779648e+04
7.832502662712549500e+04 3.399740120680340624e+04
3.625471163543382136e+04 2.093887603905888682e+04
1.460788551414914255e+05 9.229069089400165831e+04
1.646202424130548316e+05 9.168511818414402660e+04
1.149108616238609102e+04 1.089982828461752797e+04
1.289081563895571207e+03 1.095233259777834292e+03
1.760639510790228960e+05 9.235159689683601027e+04
5.223182722872889135e+05 1.247874388995952904e+05
1.081707894134461458e+04 9.911324944800995581e+03
1.174497164541460847e+01 9.789120084277932676e+00
2.551931272810227469e+00 1.933534495936664044e+00
8.825580017654565124e-01 6.876928189872996144e-01
3.045128490566981760e-01 2.433183022975021759e-01
1.048514562821120794e-01 8.569289647840382107e-02
