2.050545478802374331e+06 5.806075327614562120e+05
3.047593973683296703e+06 7.920469650918017142e+05
2.486537297704522964e+06 5.924503878123094328e+05
1.807671758120396640e+06 3.950560478259962983e+05
1.249162930351453833e+06 2.512055119055635296e+05
8.390076770173826953e+05 1.563666395081147784e+05
5.534251002275164938e+05 9.676962400706775952e+04
3.605447013596345205e+05 6.022434211108536692e+04
2.327878484563223028e+05 3.800899791064960300e+04
1.492920769482185133e+05 2.443985443116040551e+04
9.524869327022797370e+04 1.601662113599388977e+04
6.052126426577352686e+04 1.066466883201568271e+04
3.833010323495803459e+04 7.180030640325792774e+03
2.421174901039325778e+04 4.864084124789307680e+03
1.526080421035408835e+04 3.302741885979890867e+03
9.601981522068366758e+03 2.241615411738621333e+03
6.032689765406355036e+03 1.518164255441406567e+03
3.785624316956617804e+03 1.025022338309173392e+03
2.373181630483952631e+03 6.896205650385209083e+02
1.486506757031071174e+03 4.622671564479699100e+02
9.304836799657452957e+02 3.087506892370990954e+02
5.821195836964610635e+02 2.055070363976702765e+02
3.644593437779571445e+02 1.363890875619231338e+02
2.716421388727545718e+02 1.981385579060317923e+02
2.622779662164159618e+03 4.711376005682885079e+03
7.475939249695255421e+04 5.447356096636547591e+04
6.040478551312596537e+05 1.331061255465003196e+05
1.156032360805855715e+05 6.976606897313846275e+04
4.384925960701995791e+03 7.295393623072006449e+03
9.784927326802399250e+01 3.024641330710543343e+02
9.381395310881201155e+00 7.772825876142862356e+00
5.283037057451680063e+00 3.051581081755425195e+00
3.296952255008885668e+00 1.984474166926986083e+00
2.059853999085230036e+00 1.288877197017686882e+00
1.287121471693077224e+00 8.362581989109101333e-01
8.043935112728439751e-01 5.420970380248919529e-01
5.027953737097153875e-01 3.511245325598272293e-01
3.143363711874209154e-01 2.272630750212669137e-01
1.965553551634995622e-01 1.469985146776690843e-01
1.229327513809658073e-01 9.502616855083316494e-02
