2.012479129903700203e+06 4.993393956264955923e+05
3.036179219678048044e+06 8.355080782009884715e+05
2.514538499193701893e+06 7.589314098943485878e+05
1.855487129310230259e+06 6.085771439696904272e+05
1.301402317457814235e+06 4.602595397409894504e+05
8.871320626771213720e+05 3.360621633695232449e+05
5.938587778187852819e+05 2.395777499519317644e+05
3.926030778048485518e+05 1.678230066894623451e+05
2.572108682869406766e+05 1.159788344182660221e+05
1.673632387378015555e+05 7.928842866823554505e+04
1.083258361225938716e+05 5.372652898807960446e+04
6.982027106181420095e+04 3.613627259989845334e+04
4.484976052557323419e+04 2.415211850126060017e+04
2.872990486568444976e+04 1.605474978518083299e+04
1.836156767546001720e+04 1.062167240177741405e+04
1.171248518246240747e+04 6.997973792298669650e+03
7.459018364945589383e+03 4.593548231256941108e+03
4.743648036532275910e+03 3.005344260115848556e+03
3.013194099451216971e+03 1.960457138431644125e+03
1.912037210392527413e+03 1.275450998702908237e+03
1.212213053965260769e+03 8.277943706294331605e+02
7.679345277066845483e+02 5.360783301963224403e+02
4.861762013200058163e+02 3.464914308276875090e+02
3.368819404960440238e+02 2.528124923520437619e+02
5.315886284490034086e+03 5.265332529737028381e+03
1.222609231424022146e+05 1.191878766737685510e+05
6.084122627037561033e+05 1.572235103931607446e+05
1.693959414052984503e+05 1.579858819693820260e+05
9.458364735473549445e+03 9.451759870570689600e+03
9.271882388579595613e+01 8.879135287462992210e+01
1.240811911060484363e+01 1.005661381259422171e+01
7.778690351439308870e+00 6.371539521206235790e+00
4.905576270762315616e+00 4.063963926736569476e+00
3.092997823785203160e+00 2.589875072115744636e+00
1.949762157233407400e+00 1.649127756179707749e+00
1.228859515957122506e+00 1.049296200282454850e+00
7.743669294203684439e-01 6.671604109830308049e-01
4.878879023511296098e-01 4.239057327088996963e-01
3.073450044173516860e-01 2.691734604735630532e-01
1.935837058269561095e-01 1.708184990647304557e-01
