6.942199850451680832e+05 2.264194984036054229e+05
2.522823340892092325e+06 1.062642469738777727e+06
1.543913576566003496e+06 7.840610551190285478e+05
7.363230070577299921e+05 4.309595533091226825e+05
3.170603954190738150e+05 2.071504357838151627e+05
1.292910191869836272e+05 9.208951609839189041e+04
5.100161419153099996e+04 3.889489620302349795e+04
2.218891322760401454e+04 1.835475988947950464e+04
9.639187028099221061e+04 7.847373894049931550e+04
1.099757822590467404e+05 8.245996999239426805e+04
4.985249498368110835e+03 4.874436351501733043e+03
7.551980201714994791e+02 7.068626041716039481e+02
1.649638791932690947e+05 6.823195989404642023e+04
5.225884354630630114e+05 9.805589523663761793e+04
7.412986866282237315e+03 6.101765078026750416e+03
7.974451703724857232e+00 7.726896329638052840e+00
2.444912989130451297e+00 2.373930129360694696e+00
8.789014448092172804e-01 8.583910530493760183e-01
3.150466803323189180e-01 3.091405114565540235e-01
1.126366073471605500e-01 1.109410619246849472e-01
