$SPEC_ID:
eu152_1cm_b03_500s_230925
$SPEC_REM:
DET# 1
DETDESC# PHY-CSXP153 Easy-MCA-8k SN 12241568
AP# Maestro Version 7.01
$DATE_MEA:
09/23/2025 17:02:29
$MEAS_TIM:
20 20
$DATA:
0 8191
0
0
0
0
0
0
0
0
1
2
0
0
0
0
0
0
0
0
0
0
0
0
0
0
0
0
0
0
0
0
0
0
0
0
0
0
0
0
0
0
0
0
0
0
0
0
0
0
0
0
0
0
0
0
0
0
0
0
0
0
0
0
0
1
1
43
95
87
79
76
80
107
86
81
94
85
93
69
79
67
78
70
70
67
87
71
61
61
83
78
76
71
66
84
69
68
72
73
79
66
68
65
51
62
74
64
58
65
66
59
65
68
78
70
69
58
64
41
58
70
68
68
62
47
67
69
72
50
67
74
67
78
75
65
70
71
70
75
76
66
70
80
80
75
76
78
88
82
69
78
84
71
85
74
82
77
79
78
82
92
88
85
112
99
106
86
86
94
102
98
91
106
73
146
193
206
207
194
177
212
337
349
261
150
103
110
88
93
97
104
102
100
78
90
117
92
92
99
96
99
116
111
126
165
189
218
196
157
117
130
123
126
129
127
98
113
99
97
107
114
98
100
93
105
98
100
93
105
85
87
109
126
102
105
116
99
90
93
96
114
104
115
115
101
75
93
106
100
92
106
95
119
82
85
98
86
107
111
107
90
98
104
85
119
96
87
102
91
118
101
107
103
99
99
103
100
91
98
109
100
95
86
101
87
95
76
90
87
121
109
99
111
94
118
145
252
300
343
253
173
111
105
80
81
90
101
85
83
103
93
75
92
81
97
104
95
106
83
90
84
93
81
90
82
80
92
87
91
91
80
99
114
106
97
103
94
88
85
89
91
78
70
87
87
77
77
76
83
81
87
71
85
87
79
81
80
81
97
85
84
81
85
76
71
72
76
79
67
79
70
84
85
75
65
90
69
81
68
76
73
91
74
67
84
60
82
65
75
81
56
66
82
81
79
68
72
82
65
79
66
87
75
74
73
59
67
83
71
70
67
73
71
69
80
72
68
78
71
66
70
60
66
58
55
66
66
67
70
59
67
56
50
63
78
53
71
65
59
61
62
64
60
60
67
71
66
60
63
74
71
59
46
58
55
49
50
44
66
66
55
57
58
66
59
58
52
51
59
59
64
64
53
66
68
50
61
61
48
54
46
44
56
68
55
68
50
62
57
45
35
63
55
52
44
46
57
57
49
56
68
48
54
54
57
54
47
50
57
53
48
57
47
57
62
50
47
50
55
54
50
59
63
55
66
52
61
52
53
55
51
45
57
57
59
49
46
49
53
53
47
64
46
38
60
49
59
58
53
53
42
49
61
54
56
46
54
43
46
46
67
52
53
55
49
57
69
64
56
53
53
48
42
57
58
45
52
60
46
52
50
62
56
70
57
72
59
50
47
43
51
41
42
44
54
53
53
50
47
42
43
46
46
47
51
53
39
41
42
41
41
53
44
49
37
38
36
41
34
53
41
51
48
47
40
45
40
48
48
37
48
59
43
50
44
35
46
38
48
38
37
39
49
46
34
42
37
48
34
41
37
47
32
48
34
41
42
50
41
41
44
42
58
34
26
34
44
34
32
44
36
38
33
41
41
41
41
31
49
38
34
40
37
36
36
41
38
36
36
45
29
29
29
39
43
46
40
34
33
36
39
45
38
49
32
26
35
36
31
43
35
41
34
28
39
36
34
45
30
37
41
49
39
42
32
36
35
33
29
29
40
42
33
29
27
39
30
39
44
35
40
27
36
25
34
24
31
39
39
32
25
31
35
36
32
35
24
28
23
27
37
31
36
28
33
34
27
41
29
47
30
27
26
29
41
37
34
28
29
30
31
35
31
35
32
34
39
39
32
34
39
38
31
20
33
23
36
29
31
30
31
23
24
39
36
23
32
35
33
25
27
37
27
28
18
22
28
28
24
40
24
27
33
33
29
32
34
32
33
32
43
21
28
25
29
30
26
23
27
29
14
22
29
22
27
25
25
29
34
27
41
35
37
20
29
29
20
26
26
33
24
38
31
36
44
35
25
26
30
26
30
25
23
25
26
21
22
22
26
18
28
18
20
25
25
24
21
20
14
27
17
22
28
41
20
23
32
22
27
23
15
17
24
25
18
22
19
18
27
19
30
30
20
32
23
25
23
21
24
16
27
23
30
20
25
20
35
27
22
27
22
30
21
27
23
24
19
27
25
26
17
19
27
30
28
28
17
23
12
23
26
26
27
23
22
30
22
28
26
22
25
24
17
22
20
25
23
26
25
17
19
26
18
13
31
15
22
27
20
16
20
21
19
19
14
24
25
19
24
27
25
22
22
29
18
18
20
24
19
17
15
26
24
30
28
29
30
24
21
26
21
23
18
13
18
21
19
20
19
20
26
19
20
16
27
23
25
22
25
22
18
21
22
20
27
16
22
18
21
22
33
18
16
23
21
18
15
21
18
20
18
19
13
24
25
14
21
29
20
23
20
20
30
17
17
18
24
18
23
28
24
14
21
19
24
23
18
16
23
18
24
15
24
14
14
21
18
21
18
15
18
15
18
23
25
18
20
15
28
11
17
24
18
24
17
14
17
20
23
20
24
28
27
22
24
23
26
20
15
20
11
13
21
21
21
20
24
17
22
20
24
17
16
19
34
15
18
19
25
14
19
21
22
21
18
27
16
16
28
11
13
14
27
16
19
17
17
14
18
20
20
23
11
17
20
20
21
15
19
20
20
10
13
23
25
17
18
23
20
17
18
10
17
14
18
23
26
10
16
19
21
20
22
17
22
14
19
14
21
17
20
19
15
19
16
18
20
18
17
16
19
20
25
23
19
18
21
15
20
27
15
17
19
15
17
17
18
19
13
12
19
24
17
14
16
16
19
17
13
15
15
23
21
12
22
20
23
39
36
54
59
70
88
91
83
87
75
51
36
25
31
24
21
14
22
20
13
19
22
25
21
18
17
21
16
15
18
17
10
21
12
22
18
22
24
11
18
23
20
18
11
13
15
21
16
23
20
28
19
16
21
18
19
17
10
18
22
12
18
26
19
14
18
7
23
15
15
20
13
8
22
19
25
11
16
24
13
13
14
20
16
28
17
19
20
18
17
13
20
18
21
15
23
19
22
17
20
21
13
20
15
14
14
21
12
18
15
18
20
15
24
16
16
10
19
14
23
27
20
23
13
12
20
11
15
28
22
19
14
15
19
21
12
12
12
13
26
26
15
20
14
23
15
17
20
17
18
19
19
17
16
19
18
19
17
14
16
18
14
16
11
10
11
13
21
16
22
12
19
9
15
20
12
27
17
15
13
13
19
23
25
21
33
24
16
17
18
16
19
18
22
17
19
9
12
15
11
11
24
13
22
13
17
13
14
10
18
15
18
19
17
14
15
18
18
13
17
18
20
16
18
12
10
20
16
12
16
18
16
13
13
21
13
10
16
12
18
14
19
26
24
13
25
23
22
26
26
28
24
14
12
10
12
17
18
14
16
21
20
19
18
18
20
14
16
17
17
16
18
24
17
20
19
11
19
14
18
16
11
16
19
17
11
10
13
11
22
13
21
13
17
8
11
12
24
19
12
11
14
7
12
18
21
21
13
27
11
13
15
16
16
20
16
13
16
4
15
20
14
12
12
14
14
15
18
11
14
23
13
16
22
13
22
14
10
15
18
22
15
13
22
20
19
13
15
11
18
10
15
12
17
15
17
20
18
17
24
14
19
12
23
17
14
18
17
16
10
13
11
20
17
18
20
15
23
25
16
16
16
12
17
16
16
12
15
10
17
17
15
19
21
16
14
18
18
21
14
16
9
24
15
9
18
18
13
20
11
13
20
21
12
18
21
12
17
19
12
19
22
19
13
18
22
18
13
22
18
16
11
8
12
12
17
13
17
14
22
18
11
18
12
13
15
16
11
17
14
20
15
16
16
16
15
13
17
15
18
18
13
15
16
18
18
14
13
11
12
17
19
14
14
13
16
15
15
10
9
19
16
18
12
19
18
19
20
15
21
20
17
9
16
18
18
14
13
14
18
14
10
11
21
13
23
14
18
16
14
17
14
21
21
18
12
10
15
16
12
20
19
14
22
15
10
14
19
21
12
18
12
14
13
19
21
19
22
11
24
12
21
18
15
19
24
19
16
15
17
22
19
12
24
15
23
13
18
14
21
17
9
7
11
12
16
12
15
9
16
18
14
20
14
13
18
19
6
18
22
21
12
18
16
17
23
15
14
8
19
12
15
20
11
18
22
15
14
16
24
14
19
18
16
13
17
11
18
18
18
18
19
19
21
19
13
13
24
11
20
12
10
17
16
24
20
14
14
19
16
9
17
17
17
16
19
28
18
14
19
19
14
11
11
12
18
12
7
17
16
14
15
15
13
19
21
21
14
17
19
23
11
20
11
20
19
17
17
13
19
19
18
17
9
18
20
14
21
21
18
9
20
18
16
13
12
10
16
14
20
18
19
12
12
19
17
14
16
21
17
9
13
9
14
14
13
21
10
16
19
18
15
16
10
14
13
11
11
21
18
12
13
15
14
22
13
23
22
6
8
17
17
12
17
17
10
18
20
16
23
18
17
17
13
19
14
22
16
19
23
14
15
8
11
11
10
16
17
18
14
16
18
11
16
15
20
16
19
25
21
22
12
18
20
17
15
14
8
11
13
15
15
13
18
10
13
12
17
13
13
14
11
13
27
13
15
18
15
11
17
17
23
18
17
20
17
22
16
21
13
18
11
16
21
19
17
24
24
19
21
26
25
28
15
16
21
19
12
23
14
18
11
17
18
26
14
16
10
10
17
26
14
18
16
15
17
22
20
9
13
9
19
15
18
22
31
20
18
25
34
18
19
13
21
17
12
13
20
16
13
22
18
21
19
12
14
19
14
22
20
11
19
20
13
16
17
15
19
17
14
9
18
18
10
22
17
14
15
15
13
9
18
19
20
12
15
15
15
25
17
18
15
20
25
19
20
11
22
22
17
19
16
25
17
9
12
21
21
11
16
20
25
15
18
19
18
11
20
13
24
21
22
17
18
23
16
20
16
15
14
14
20
19
19
22
17
10
11
19
20
16
20
16
14
9
13
24
16
17
18
12
26
17
17
17
16
23
17
15
15
17
17
31
18
15
23
16
23
21
26
24
22
17
18
22
12
12
12
21
19
14
17
20
24
17
24
16
21
21
21
24
17
24
20
12
12
16
22
15
10
17
17
13
17
20
15
13
15
17
19
20
20
18
10
13
18
15
15
19
17
26
22
25
18
17
24
18
18
15
18
20
9
18
19
24
19
14
17
22
18
18
14
13
23
17
22
28
22
19
17
27
14
26
17
19
15
30
18
17
22
14
23
21
17
15
28
14
17
21
15
11
15
21
14
17
14
23
16
23
10
18
20
23
20
13
16
21
32
14
16
14
22
23
27
21
20
21
15
12
18
18
23
14
16
23
23
16
16
22
28
20
19
27
20
20
24
14
13
22
18
14
14
12
18
13
16
21
20
12
27
24
24
21
17
18
22
27
20
26
12
20
21
19
27
14
21
16
23
19
20
20
16
19
27
16
16
22
12
26
17
26
16
22
25
16
21
13
11
13
15
18
13
13
18
15
26
20
19
13
27
15
18
14
17
25
27
21
14
19
12
22
24
19
19
16
17
16
18
22
20
21
23
17
19
17
18
29
24
25
19
22
19
13
22
21
14
24
20
18
20
20
17
23
25
22
14
24
15
19
16
17
18
16
21
27
18
22
21
20
18
17
20
17
22
18
20
26
12
21
37
19
21
19
18
13
21
18
14
12
26
33
23
23
21
17
19
19
17
22
24
26
24
24
19
20
23
30
18
23
18
19
19
26
17
17
27
19
20
30
19
24
12
26
18
22
22
21
16
28
28
21
24
21
23
19
21
21
23
21
20
20
20
27
13
24
17
29
26
22
19
27
21
21
21
22
29
28
28
21
23
23
19
23
22
16
21
24
25
24
20
17
27
17
22
23
21
26
29
34
19
22
19
27
16
21
17
29
16
32
27
20
28
20
23
31
18
22
14
14
23
21
18
23
31
27
17
21
20
23
22
28
27
18
30
29
27
17
23
23
25
29
29
26
20
31
19
23
24
18
22
27
13
32
29
29
20
24
30
29
25
18
15
24
28
34
28
23
27
22
29
27
27
20
28
21
19
25
19
29
27
27
31
29
23
26
25
21
29
25
20
31
27
19
19
24
28
25
22
32
24
29
23
29
30
31
26
29
30
28
28
24
28
36
24
26
26
26
26
33
35
35
27
29
31
23
23
19
35
32
37
27
28
40
41
35
25
29
26
22
20
23
25
36
40
29
20
25
27
14
27
14
28
29
25
28
31
24
24
18
31
23
27
31
19
20
36
30
26
26
21
31
24
27
30
34
29
31
26
35
24
30
37
27
37
39
29
35
22
21
27
41
26
40
26
32
28
30
34
38
26
36
25
25
28
25
22
22
33
26
25
21
29
30
29
27
20
29
24
29
31
22
24
28
18
15
22
17
18
18
23
22
29
20
19
25
21
18
18
24
19
14
23
20
11
14
15
18
13
19
21
14
10
22
15
23
11
21
22
21
22
21
18
24
21
23
18
23
17
15
21
23
19
19
12
33
15
25
23
16
19
24
19
15
20
17
14
27
13
18
23
18
18
17
9
13
14
21
26
19
18
19
14
7
18
16
15
13
18
20
19
18
19
13
17
12
15
15
25
17
10
19
14
20
10
16
17
13
17
13
14
14
14
12
16
13
17
13
10
12
15
19
20
16
9
11
18
18
16
18
16
18
15
13
18
13
14
13
18
12
17
19
18
18
18
19
15
6
16
22
10
17
9
19
11
13
16
18
14
7
15
8
11
14
12
13
17
15
13
16
10
12
9
14
13
10
15
13
14
14
12
7
9
14
20
8
8
15
15
11
15
12
11
6
12
6
13
10
10
14
21
17
16
15
11
14
14
10
10
13
7
13
8
12
19
10
11
10
8
15
12
12
10
15
16
16
13
7
10
14
7
10
11
5
13
12
14
8
5
13
11
10
13
9
6
10
9
8
7
10
14
14
3
10
6
7
6
8
10
5
10
7
10
3
7
7
8
11
10
10
7
10
7
8
11
5
3
4
9
10
6
10
10
2
6
5
6
10
8
10
9
6
4
8
11
8
6
10
10
5
8
7
4
6
10
9
9
5
5
3
6
11
8
4
11
3
6
10
7
7
6
9
4
4
10
10
8
2
5
4
2
6
4
5
9
10
6
10
6
11
7
17
6
4
8
5
4
4
6
9
6
7
6
7
6
14
6
11
6
8
7
4
4
6
8
11
11
5
8
9
6
12
9
11
4
8
2
7
6
11
3
5
6
3
9
5
4
5
8
9
6
3
6
12
6
6
11
10
3
3
7
5
6
3
2
5
5
3
9
8
13
6
6
4
6
7
1
13
13
2
9
4
3
7
8
2
8
4
5
9
7
10
8
7
6
6
7
8
9
4
6
4
7
5
9
6
7
4
7
5
4
8
5
7
7
7
2
7
6
2
4
5
5
5
7
8
8
7
6
2
4
4
2
7
8
3
10
3
8
7
7
8
5
5
4
8
4
6
4
4
6
5
10
6
1
11
3
3
2
11
11
5
9
10
7
6
7
14
7
7
9
3
9
23
17
48
84
154
328
458
699
899
996
988
949
663
457
220
120
50
24
11
3
6
6
6
5
10
2
3
4
3
5
4
6
5
6
6
6
9
5
8
2
6
7
6
5
6
6
3
2
8
1
1
3
6
8
2
8
7
2
1
3
8
5
5
3
3
2
8
5
3
4
5
0
4
6
5
4
3
7
4
7
3
3
5
3
5
6
3
6
3
8
7
4
3
3
3
6
9
4
5
6
4
2
3
5
7
4
7
6
5
3
8
3
6
2
6
6
3
5
6
9
3
3
4
3
3
4
8
5
5
8
4
6
5
4
6
2
1
1
4
3
5
2
3
2
7
3
7
11
7
2
2
3
4
3
5
1
4
3
5
5
3
7
6
4
4
1
1
0
8
3
3
8
2
5
7
6
7
7
5
4
4
2
4
6
5
2
2
4
2
4
6
1
4
3
3
2
4
3
0
10
4
5
4
5
5
6
4
7
6
0
2
7
3
3
2
3
3
6
1
6
3
0
1
3
3
7
6
9
5
5
12
26
24
37
31
33
53
62
28
19
18
13
9
8
5
2
3
6
1
8
10
4
4
5
5
4
3
5
4
8
8
6
2
5
2
8
5
6
6
3
1
5
3
8
3
7
3
3
5
4
3
4
2
7
3
4
3
7
6
2
6
6
5
3
1
2
2
9
4
6
3
2
5
2
1
4
5
0
8
4
6
7
3
5
4
4
2
1
1
6
2
4
6
5
3
3
7
1
5
5
6
3
2
5
5
6
5
2
2
2
4
5
3
2
6
2
8
2
6
9
5
4
6
2
4
3
9
7
4
2
5
2
4
4
6
5
3
2
6
7
2
4
1
9
5
6
6
4
2
7
3
3
5
2
3
4
9
5
3
4
7
4
1
4
7
7
5
5
6
4
4
3
2
4
2
2
5
5
3
12
2
1
2
3
3
5
5
0
7
4
6
4
5
5
8
4
5
6
6
3
6
4
3
5
6
6
6
2
5
5
4
6
4
5
3
6
4
5
5
6
2
3
3
2
2
6
4
2
5
1
6
7
4
2
4
0
3
6
3
6
3
3
3
2
3
2
5
3
4
3
2
5
2
7
3
4
4
3
3
2
5
4
6
4
2
2
4
7
6
5
0
4
1
0
6
5
7
3
4
3
5
6
3
5
8
5
4
6
6
5
3
4
6
3
9
1
5
4
5
4
6
4
4
4
4
1
5
3
4
5
0
4
4
8
7
3
4
2
5
6
3
5
3
8
2
7
3
3
10
6
4
2
3
2
1
2
10
2
1
9
2
4
3
9
7
7
3
3
1
5
2
3
1
5
3
3
1
5
9
7
3
7
2
3
3
7
1
3
3
3
4
5
3
4
5
6
4
5
4
3
6
9
4
3
3
6
3
5
4
4
0
2
7
1
3
6
3
4
9
3
3
4
5
3
3
7
5
4
2
3
4
4
10
4
3
2
3
6
3
1
2
7
6
8
4
3
5
3
8
3
4
10
5
4
6
4
5
8
3
9
4
6
4
6
3
2
5
2
3
1
7
3
3
2
3
6
2
6
4
2
4
8
7
5
5
4
1
1
5
1
4
6
12
3
3
7
8
4
5
1
3
5
4
6
2
5
4
4
7
3
4
6
3
2
4
5
3
3
10
5
6
3
5
3
4
2
5
3
5
4
5
6
5
3
5
6
2
3
6
7
4
3
2
1
5
5
6
7
4
2
3
6
7
5
6
3
3
5
3
8
3
3
3
1
3
4
9
10
2
5
2
1
4
6
3
8
3
2
4
1
5
6
6
6
2
5
5
6
6
6
4
4
3
3
2
2
5
3
5
4
3
3
10
6
5
6
7
4
7
7
5
4
4
8
4
4
0
9
5
3
4
3
7
3
7
6
2
4
6
3
6
5
6
4
3
5
5
6
6
2
3
4
4
8
2
7
9
4
5
6
6
3
1
4
2
4
7
3
4
3
6
5
7
1
2
1
3
6
2
4
6
3
2
3
3
3
8
7
3
4
4
12
12
12
18
21
34
42
53
43
57
53
58
57
37
33
24
24
12
16
10
7
9
6
6
7
9
3
8
3
3
9
5
5
3
4
4
6
6
13
10
0
8
4
6
5
5
6
6
6
4
4
5
9
7
3
10
13
6
8
7
6
5
7
6
5
5
9
3
9
6
2
2
5
4
6
3
7
6
3
6
6
7
7
6
5
10
6
9
6
9
9
9
8
10
4
9
6
5
6
2
5
3
4
7
9
6
6
7
3
4
4
11
6
8
4
9
6
4
7
5
2
4
3
6
10
8
8
7
4
10
4
5
1
4
4
3
4
8
5
7
8
3
7
4
6
4
9
6
6
6
7
7
5
3
6
7
1
4
9
4
6
7
3
7
5
8
9
5
8
6
6
6
4
6
8
6
7
9
5
4
2
4
2
5
5
6
10
7
2
7
5
3
6
11
5
4
4
4
5
6
10
4
8
8
9
6
7
10
10
7
4
4
11
11
3
7
4
6
6
3
7
6
4
9
5
1
6
2
4
6
5
5
8
5
3
6
4
2
4
5
5
5
5
3
2
3
9
8
6
5
3
6
5
7
7
1
9
11
3
8
5
4
4
6
6
5
7
8
4
8
8
5
3
5
8
11
5
4
8
6
8
6
3
6
6
4
9
5
5
9
5
9
3
11
4
5
6
8
10
6
1
5
2
7
4
4
7
4
7
7
2
6
6
9
8
6
8
8
10
6
4
5
7
6
7
5
4
7
6
5
4
5
9
6
12
4
8
7
3
7
7
1
9
9
7
3
9
8
10
7
8
7
4
7
9
7
5
1
8
9
6
6
2
7
5
7
4
8
4
6
10
4
11
7
5
5
9
9
6
7
9
10
8
4
8
4
6
7
8
5
4
4
1
3
5
8
9
8
7
4
5
5
4
7
7
7
5
5
5
5
8
6
2
4
8
5
7
7
5
10
7
2
2
6
5
7
7
4
9
7
5
8
6
5
5
3
7
6
5
4
4
5
11
4
5
5
7
5
4
5
6
6
8
7
10
5
8
6
4
6
5
5
5
6
11
11
5
7
6
8
5
9
8
2
3
10
8
5
8
2
6
7
8
7
6
3
8
9
6
8
5
5
10
7
2
6
3
4
8
9
7
7
7
7
3
4
6
7
7
10
7
8
9
6
7
7
10
6
2
7
5
3
6
6
4
4
4
6
6
10
3
3
7
9
6
8
5
7
6
6
5
6
6
3
4
6
10
3
6
7
5
10
4
7
6
8
5
11
10
4
9
2
1
9
2
9
3
4
7
4
8
4
10
10
6
9
6
3
5
4
8
6
12
12
9
3
4
11
5
5
2
10
8
6
5
5
7
6
6
9
8
9
2
4
5
5
5
8
4
6
5
11
11
6
5
8
10
10
7
6
6
7
8
3
7
6
8
5
8
9
4
4
6
6
5
10
3
8
7
9
5
5
7
2
8
8
4
7
8
6
3
3
10
7
1
8
7
5
8
6
8
6
10
8
9
6
8
7
7
12
4
10
8
12
4
9
7
7
4
4
9
5
12
6
4
7
6
11
4
4
7
3
6
8
6
7
6
9
5
4
5
4
6
5
10
6
2
6
3
7
6
9
6
7
5
7
6
8
8
6
6
8
8
7
11
7
7
6
8
7
17
3
6
7
8
9
6
8
8
6
6
8
9
6
7
9
9
6
8
7
5
10
1
10
10
6
6
6
6
12
4
8
8
2
7
9
3
8
4
5
3
10
9
9
8
5
3
8
8
8
5
6
6
11
9
8
8
4
5
6
9
8
9
11
4
10
5
6
7
5
9
10
13
12
7
5
8
7
9
6
5
4
8
7
6
9
4
13
3
5
6
6
3
7
9
6
7
8
3
4
6
9
11
14
4
4
5
7
5
3
6
9
11
2
6
6
2
8
7
9
6
4
4
6
3
5
7
6
8
9
9
8
6
5
7
5
7
15
6
14
2
12
9
6
2
8
5
6
7
7
5
4
7
7
7
13
4
8
7
5
4
11
7
4
1
9
10
2
9
5
9
4
8
9
5
4
9
11
11
6
3
7
4
5
10
4
8
10
5
6
10
10
11
9
5
5
8
3
4
5
5
9
7
6
6
3
8
13
4
8
8
3
18
7
3
4
8
9
7
7
6
4
8
6
8
5
8
9
6
7
10
6
10
5
7
9
5
4
8
5
4
13
0
2
7
8
7
11
4
6
5
10
5
11
6
4
3
5
14
5
8
6
11
3
5
2
6
4
7
5
5
6
10
10
7
10
13
5
6
5
4
13
8
6
5
8
6
4
8
3
6
9
10
7
2
3
6
5
6
6
4
5
9
7
3
3
10
8
7
6
12
6
8
9
7
5
5
7
8
8
13
9
11
7
6
11
5
5
5
4
2
16
11
8
2
6
3
12
6
7
10
9
3
4
2
8
4
7
6
10
5
4
6
4
5
8
4
6
7
6
12
1
3
6
11
2
3
5
9
12
4
6
3
1
8
10
11
9
4
2
6
2
8
5
15
7
4
9
5
8
7
6
6
6
4
9
6
7
9
8
9
4
7
5
3
3
9
9
7
9
7
7
8
5
6
8
1
11
6
7
11
2
4
6
7
8
4
7
6
8
5
5
6
8
6
6
8
8
7
13
15
13
11
8
4
8
3
6
6
3
5
9
4
6
6
7
2
4
9
5
11
5
4
6
8
4
7
7
10
8
5
8
9
8
6
8
6
6
6
8
10
5
6
7
8
12
7
4
13
8
5
8
3
9
6
4
9
4
6
7
4
8
9
13
8
6
9
9
9
4
3
5
11
11
9
7
9
10
8
9
11
9
7
11
14
13
30
29
38
34
41
46
47
56
63
50
65
58
57
44
22
22
31
19
9
11
10
7
8
10
5
6
18
11
6
7
3
6
11
9
7
6
11
8
16
6
5
8
5
6
13
8
4
7
7
11
14
5
6
4
2
10
16
15
6
8
12
6
6
6
13
10
7
4
4
5
8
7
4
4
7
6
7
8
3
8
5
9
5
9
6
4
11
6
5
3
6
8
1
4
9
4
8
8
7
4
10
9
7
7
5
5
6
3
9
10
8
4
13
5
4
9
11
8
7
8
10
3
12
9
11
10
6
6
4
12
7
3
12
8
8
16
5
12
5
8
7
16
11
6
6
10
10
6
8
12
10
10
12
8
12
10
5
10
6
8
12
3
8
10
6
3
9
6
6
5
7
4
9
9
15
13
5
10
8
9
9
7
7
7
6
9
6
11
10
14
7
7
8
7
11
9
5
11
6
10
9
11
5
12
8
11
13
11
7
7
9
8
6
7
9
9
9
7
8
6
6
10
8
3
8
6
6
8
5
11
8
7
6
10
10
9
6
8
8
13
8
11
8
6
10
7
8
5
4
9
7
9
6
6
12
14
11
8
8
11
7
12
7
4
8
5
8
10
8
9
11
11
6
9
9
6
8
6
7
7
9
8
5
8
8
13
7
11
3
4
13
13
6
6
7
8
6
8
4
13
10
12
7
10
13
5
10
3
7
5
6
6
12
9
15
9
9
6
8
5
13
13
10
6
12
10
7
12
9
12
8
10
7
8
11
20
8
10
12
7
5
11
12
13
5
11
13
11
13
11
2
14
7
7
8
9
13
9
8
4
13
15
12
12
5
9
14
6
13
7
10
14
9
11
8
15
14
8
9
8
15
6
10
5
18
5
5
8
9
12
5
7
9
6
10
6
9
7
10
9
11
13
4
9
14
8
7
7
4
9
11
12
14
7
10
12
11
8
12
4
15
6
8
7
8
11
7
10
14
12
16
9
13
11
6
13
11
10
13
6
10
8
5
10
8
10
11
7
20
4
10
13
13
13
9
11
9
10
11
10
5
10
12
9
11
10
7
8
9
18
5
12
5
13
16
9
12
11
5
9
17
9
9
9
7
15
8
9
15
10
11
11
10
4
15
7
5
12
9
6
11
14
7
10
9
8
12
10
10
15
8
13
14
8
11
11
8
7
7
10
14
15
11
22
10
9
9
15
18
7
18
14
13
10
10
14
13
20
8
11
11
10
16
19
20
7
10
10
7
10
9
16
13
9
17
10
11
18
7
17
17
13
7
13
12
9
10
12
10
12
11
11
13
7
10
12
6
8
17
13
8
10
6
9
17
10
9
9
16
12
13
15
11
14
11
6
16
18
10
17
15
12
9
6
11
13
11
15
17
12
10
12
13
13
10
8
13
10
10
13
8
13
13
11
11
20
10
8
16
11
13
20
14
9
12
12
11
13
12
13
11
11
12
9
10
15
10
12
18
20
14
20
8
10
13
14
15
12
19
21
15
13
11
5
17
12
13
19
12
15
15
25
11
8
14
9
9
15
14
15
10
13
9
18
8
4
16
13
14
13
6
10
12
10
9
10
6
9
4
9
14
7
12
6
10
7
6
10
6
13
9
5
10
14
13
12
3
5
4
6
5
3
10
10
7
10
13
9
7
10
8
2
6
6
6
10
9
4
6
9
9
7
8
6
6
6
6
7
9
14
4
7
7
8
8
6
8
5
4
9
8
4
8
4
12
7
5
7
3
9
9
4
12
3
8
9
11
6
6
9
5
12
2
6
6
9
4
5
5
12
10
9
15
8
5
10
12
6
15
8
8
6
5
6
7
10
11
8
8
8
8
12
7
4
6
9
8
6
7
11
7
3
11
9
8
15
3
4
7
6
6
5
6
13
2
5
7
5
7
3
6
13
4
6
1
7
7
6
8
9
5
9
4
10
9
10
5
5
2
5
6
6
9
7
7
3
3
6
5
11
5
3
7
10
8
8
7
12
7
7
3
7
7
6
5
6
8
5
4
5
6
4
3
9
4
5
4
0
6
4
8
8
5
3
5
2
6
3
4
6
7
7
7
3
7
6
8
8
16
14
12
13
7
10
14
6
13
4
5
4
4
1
3
3
2
5
5
6
5
3
6
2
11
1
4
4
4
3
4
2
3
7
6
1
3
3
5
6
2
5
4
2
7
4
6
4
3
1
2
2
5
5
4
1
3
1
1
3
4
7
3
2
2
5
3
3
7
3
4
1
2
1
5
7
0
6
6
3
2
3
2
2
4
2
4
3
1
2
3
4
2
6
0
2
3
2
1
2
2
1
4
1
4
5
5
2
0
1
1
1
4
3
1
0
2
6
3
3
1
1
3
3
1
3
3
2
2
1
2
2
0
5
3
0
0
4
2
3
1
1
1
3
3
1
1
2
2
2
4
2
0
1
1
1
3
0
0
3
3
2
3
1
0
1
2
0
1
2
4
1
2
2
3
0
2
0
1
6
1
2
0
2
1
3
1
1
1
2
4
1
2
2
2
0
4
2
4
0
0
4
2
1
2
1
2
2
0
2
2
1
1
2
2
2
2
1
2
0
4
2
1
3
1
0
0
3
2
5
0
3
3
3
1
1
2
0
3
2
0
2
3
3
1
3
2
1
3
1
0
2
0
5
3
0
2
2
1
0
4
1
2
2
1
1
0
0
0
0
0
2
0
1
0
0
3
2
0
4
0
1
2
1
1
2
2
5
2
5
2
2
2
1
1
0
3
0
1
0
1
0
0
3
2
1
2
1
2
3
3
1
3
2
0
1
2
3
2
1
0
2
2
4
2
3
2
0
6
1
7
7
19
7
26
43
53
85
94
153
162
214
276
284
312
338
352
308
282
234
160
128
62
36
15
4
3
3
3
0
1
0
1
0
2
3
0
0
0
0
0
0
1
1
1
0
1
1
0
0
0
0
0
1
0
1
0
2
0
1
0
0
2
1
0
3
1
1
0
0
0
1
0
0
2
1
0
1
0
1
0
0
1
0
3
1
0
2
1
1
0
2
2
1
0
1
0
1
0
1
2
0
1
0
0
0
0
1
2
1
0
0
0
0
1
0
1
1
2
1
1
0
0
0
0
1
2
0
0
2
2
2
1
0
0
3
2
1
1
0
1
1
1
0
1
1
1
0
1
1
3
1
0
0
0
1
1
0
1
0
0
0
0
0
1
0
0
1
1
0
0
0
1
0
0
0
0
0
1
2
0
1
0
5
1
1
1
0
2
4
0
1
0
0
1
0
1
0
1
1
0
0
0
1
1
0
0
2
1
0
0
0
0
0
1
2
1
2
0
0
1
1
0
1
0
4
0
1
0
1
2
1
1
1
3
2
1
0
0
0
0
0
0
1
0
1
1
0
1
0
0
1
0
1
0
0
2
1
3
0
1
0
1
2
1
0
0
1
2
1
1
1
1
1
2
0
0
1
1
1
0
0
0
1
0
0
0
1
1
1
1
0
0
1
1
1
0
2
2
1
0
1
0
1
1
2
0
0
1
2
1
0
1
0
1
2
0
0
1
0
1
1
1
0
2
0
2
1
0
0
0
1
0
1
3
0
1
0
3
1
1
0
0
0
0
2
1
1
0
1
1
1
0
1
3
1
0
1
0
2
0
2
0
0
1
2
3
1
1
0
1
1
1
1
2
1
1
2
1
1
0
0
1
1
1
0
1
0
2
0
3
1
1
0
0
0
1
1
2
2
0
1
0
1
1
2
0
0
0
0
0
1
2
1
1
3
1
0
1
2
0
2
0
0
0
1
0
0
1
0
2
1
0
0
0
1
1
1
0
1
0
0
0
1
0
0
0
0
0
2
1
1
1
0
1
0
0
0
1
1
0
2
0
0
0
0
0
0
2
1
0
1
0
4
0
1
2
1
1
0
0
0
0
0
1
0
1
1
1
0
2
2
0
2
1
2
3
0
1
1
1
1
1
0
0
1
0
0
0
1
1
1
0
0
1
0
0
0
2
1
2
1
0
0
1
0
0
1
0
1
2
1
0
1
1
0
2
1
1
2
1
1
0
0
0
0
0
0
0
0
1
0
2
0
0
1
1
1
1
0
1
0
1
0
0
1
0
2
0
1
0
1
0
0
1
1
1
1
0
0
2
0
1
1
0
2
0
0
1
2
2
1
2
0
0
0
1
0
1
1
0
0
1
1
1
0
0
0
0
1
0
1
0
1
1
0
0
0
0
1
0
1
0
1
0
0
0
0
1
0
0
0
0
0
0
2
0
0
0
1
0
1
2
0
0
1
3
0
0
2
1
0
1
0
0
0
0
1
1
1
0
0
0
0
1
2
2
2
0
1
1
0
0
1
0
1
0
0
1
0
0
1
0
0
3
1
0
0
4
0
0
0
5
0
2
2
0
0
0
2
1
0
0
2
0
0
1
0
2
0
0
2
0
3
1
0
1
1
1
1
0
0
1
1
2
0
0
0
1
1
2
0
0
1
2
0
0
0
0
0
0
3
0
1
1
0
1
0
2
1
0
0
1
0
1
2
0
1
1
0
1
0
1
0
0
0
2
1
1
1
1
0
0
0
0
0
0
0
0
1
0
0
0
0
0
2
0
0
1
1
0
0
1
1
1
0
0
0
0
0
0
0
1
0
1
2
1
1
0
0
0
1
0
1
0
0
0
1
1
0
1
0
1
0
0
0
0
0
0
2
1
1
2
0
0
0
0
0
0
0
0
0
0
0
2
1
0
0
0
0
0
1
0
0
3
0
2
2
1
1
0
1
1
1
1
2
1
0
1
0
3
1
1
2
1
0
2
0
2
0
1
2
0
2
0
0
0
0
1
1
1
1
0
0
0
0
1
2
1
0
0
1
1
0
1
0
0
1
1
0
0
2
0
1
0
0
0
1
0
0
1
1
3
2
1
0
1
0
0
1
0
0
0
0
0
1
0
0
0
0
2
1
0
1
0
0
1
0
0
0
1
2
1
0
1
0
0
0
0
2
0
0
3
1
0
0
2
1
0
0
1
0
0
0
1
1
0
1
0
1
1
2
1
1
0
1
1
0
0
1
0
0
0
0
1
1
2
0
0
1
1
1
2
1
2
0
2
0
0
0
0
0
0
0
0
0
0
0
0
0
0
1
0
1
0
1
0
1
0
2
2
0
0
0
1
1
2
0
0
0
0
0
0
0
1
0
2
1
0
0
0
1
0
1
0
0
1
1
0
2
1
1
1
0
1
0
2
0
1
1
0
0
0
0
1
0
1
1
0
0
0
1
1
2
2
1
0
0
0
0
0
0
1
1
0
0
0
0
0
1
1
1
1
1
0
1
1
1
1
0
2
0
1
0
0
2
1
0
1
0
0
0
2
1
0
3
0
1
0
0
1
0
0
0
1
0
1
2
0
2
0
0
1
0
0
0
1
0
0
0
0
0
0
1
0
0
1
0
2
0
2
0
0
0
1
0
0
0
0
0
1
1
1
0
0
0
0
0
0
2
1
0
0
0
0
3
1
1
0
1
3
1
0
1
1
0
1
0
2
0
0
2
0
0
0
0
0
0
1
1
0
3
0
1
0
0
0
0
0
0
0
0
0
0
0
0
0
0
0
0
0
0
0
0
0
0
0
0
0
0
0
0
0
0
0
0
0
0
0
0
0
0
0
0
0
0
0
0
0
0
0
0
0
0
0
0
0
0
0
0
0
0
0
0
0
0
0
0
0
0
0
0
0
0
0
0
0
0
0
0
0
0
0
0
0
0
0
0
0
0
0
0
0
0
0
0
0
0
0
0
0
0
0
0
0
0
0
0
0
0
0
0
0
0
0
0
0
0
0
0
0
0
0
0
0
0
0
0
0
0
0
0
0
0
0
0
0
0
0
0
0
0
0
0
0
0
0
0
0
0
0
0
0
0
0
0
0
0
0
0
0
0
0
0
0
0
0
0
0
0
0
0
0
0
0
0
0
0
0
0
0
0
0
0
0
0
0
0
0
0
0
0
0
0
0
0
0
0
0
0
0
0
0
0
0
0
0
0
0
0
0
0
0
0
0
0
0
0
0
0
0
0
0
0
0
0
0
0
0
0
0
0
0
0
0
0
0
0
0
$ROI:
1
3651 3729
$PRESETS:
Live Time
20
0
$ENER_FIT:
2.695071 0.405806
$MCA_CAL:
3
2.695071E+000 4.058058E-001 2.987246E-007 keV
$SHAPE_CAL:
3
0.000000E+000 0.000000E+000 0.000000E+000
