5.181315594079246512e+05 2.051131009841776686e+05
1.226846207218813710e+06 6.053926926629752852e+05
2.487294003645585617e+05 1.442675781335835345e+05
3.875179786307705217e+04 2.539034490425129479e+04
5.432324004752146720e+03 3.907587430765630415e+03
7.205742905387073733e+02 5.572122064450898051e+02
6.819655347773381509e+05 1.319774330470836721e+05
7.326389012656611044e+01 7.158043875574568915e+01
1.423521126345498100e+00 1.258377518557342700e+00
1.732356978622895394e-01 1.572856931398970981e-01
