2.558039538908710703e+06 8.540207304884828627e+05
3.027922453698225785e+06 9.410591086883046664e+05
1.467249472017453518e+06 4.341805787776757497e+05
6.264083990963357501e+05 1.814798436571744969e+05
2.537282375849873933e+05 7.414173296645455412e+04
9.990883719985400967e+04 3.025579713633381471e+04
3.866908274961687130e+04 1.239657544723877800e+04
1.479909359486930043e+04 5.094753261949721491e+03
5.620413568259822569e+03 2.094942987243673997e+03
2.123068816144269022e+03 8.599595179812595234e+02
7.989368954034677017e+02 3.518905491755416506e+02
6.003242174351779568e+02 3.855726278511432383e+02
1.709871793145237316e+05 3.144842154406718328e+04
5.678981452726244461e+05 4.910343370585166849e+04
6.618119032403045821e+03 4.647325009923742073e+03
7.106921642169116815e+00 4.821497924659726486e+00
2.192365497240779337e+00 1.525110332554793668e+00
8.190958225816750149e-01 6.090637724523645380e-01
3.061063227916044904e-01 2.427040029782446262e-01
1.144426457631854965e-01 9.653606751480772741e-02
