2.520979129469375126e+06 7.967489577891021036e+05
3.060816251487261616e+06 1.104301771706914995e+06
1.520751588249841006e+06 6.142695006078856532e+05
6.654110030450265622e+05 2.963331930299301166e+05
2.761067095262866933e+05 1.338925749048198340e+05
1.113176476066898176e+05 5.817792099829581275e+04
4.408883160437679180e+04 2.461877929441765446e+04
1.725568090777800171e+04 1.021863400074359379e+04
6.697294554673300809e+03 4.179285732147913222e+03
2.583480498077065931e+03 1.689382455005416887e+03
9.919953496316250039e+02 6.764424246819419295e+02
7.843368034344047146e+02 6.510300846346150365e+02
1.827951750994352915e+05 6.981167562942617224e+04
5.740491670159802306e+05 9.619717153372277971e+04
8.242540648122392668e+03 6.535014500189283353e+03
9.292843622184594921e+00 7.659883324605527122e+00
3.011617165652308969e+00 2.448525649721475794e+00
1.139993155302868821e+00 9.455896690660963166e-01
4.311287459535901312e-01 3.641271982865595391e-01
1.629167398759498175e-01 1.398598114264660575e-01
