4.554033331741375150e+05 6.244855404586653458e+04
1.267972520975048421e+06 2.106917459562432487e+05
1.585232160963467788e+06 3.089859114555418491e+05
1.623380039598276373e+06 3.625577311672982760e+05
1.515292706465870142e+06 3.809146426200913265e+05
1.340651428911967669e+06 3.740545306574681308e+05
1.145579332978587365e+06 3.507586191034556832e+05
9.553541977555234917e+05 3.180082105203196406e+05
7.825696715445793234e+05 2.809673098398530856e+05
6.323198748859611806e+05 2.432165504379516933e+05
5.054493133006187854e+05 2.070688384540019324e+05
4.005546896156478906e+05 1.738815558978241170e+05
3.151889597537748632e+05 1.443278099572216161e+05
2.465613860190161504e+05 1.186149197204104858e+05
1.919239210340332356e+05 9.665123825772170676e+04
1.487662378373396350e+05 7.816807952859261422e+04
1.148972115206836024e+05 6.280528019758409937e+04
8.846170548032404622e+04 5.016871885411246330e+04
6.792282010347436881e+04 3.986704038776842935e+04
5.202779814417805028e+04 3.153348836242670222e+04
3.976821157618259895e+04 2.483743486238800688e+04
3.034033477390693588e+04 1.948904929880498094e+04
2.310872208886306180e+04 1.523960753801460669e+04
1.757428871905011692e+04 1.187920647268859466e+04
1.334720896375032498e+04 9.233092011084498154e+03
1.012441548811816574e+04 7.157398815313246814e+03
7.671227682052973250e+03 5.534806754065601126e+03
5.806542903051942631e+03 4.270414355139630061e+03
4.391020319669015407e+03 3.287990687674227047e+03
3.317729670482360234e+03 2.526675938188000146e+03
2.504800494749230893e+03 1.938143539930597399e+03
1.889676285897799517e+03 1.484202650192288729e+03
1.424644423123095066e+03 1.134801422644428158e+03
1.073372659403183434e+03 8.663834326722692367e+02
8.082348429976646003e+02 6.605479545429370773e+02
6.082522589472598611e+02 5.029669337940224523e+02
4.575130535203381328e+02 3.825156892296368483e+02
3.439615319672536202e+02 2.905794763200140665e+02
2.584728305181319570e+02 2.205034856989146874e+02
1.941674171101615798e+02 1.671791208624763954e+02
1.473166618425459831e+02 1.281459949255372806e+02
1.681365822003805306e+02 1.545273976442932735e+02
1.250291138428642853e+03 1.240635680595834629e+03
1.224990725639527227e+04 1.224305994943965561e+04
6.676754870429962466e+04 6.673313316530680459e+04
2.019305122445564193e+05 1.811579604579288571e+05
4.207554256883014459e+05 1.561293633209482068e+05
2.584446461104630725e+05 1.972944833290891256e+05
9.456652549286671274e+04 9.430904296317581611e+04
2.053735679424093905e+04 2.053647603377710402e+04
2.348854593752568235e+03 2.348245869326007323e+03
1.461079169967142661e+02 1.456778617120398280e+02
8.948397855107176113e+00 8.644685043972907934e+00
3.478187648040187430e+00 3.263778449083189148e+00
2.546762739584497393e+00 2.395451536222931832e+00
1.902979486561702682e+00 1.796233466782394039e+00
1.421952156938156131e+00 1.346670269758774685e+00
1.062280604796232542e+00 1.009205300187329790e+00
7.934121240001777986e-01 7.560043027372248536e-01
5.924697166730276132e-01 5.661121845832152166e-01
4.423270926815140447e-01 4.237608617451220638e-01
3.301666420880080555e-01 3.170921905121208972e-01
2.463980247405657131e-01 2.371933637178916254e-01
1.838474652041655055e-01 1.773688769835316537e-01
1.371501857629124632e-01 1.325914469135397733e-01
1.022952197038049793e-01 9.908818138510364082e-02
7.628449020012241510e-02 7.402889132938107741e-02
5.687754511225977250e-02 5.529148035249988047e-02
4.240048066679556055e-02 4.128545670669358375e-02
3.160295214428594096e-02 3.081924374270270106e-02
