6.150448202450420940e+05 1.773023181716344552e+05
1.931815632029858883e+06 4.822521212863507681e+05
2.164617892502692994e+06 4.669443656876902096e+05
1.948018422045599669e+06 3.642928432875666767e+05
1.589295335082257399e+06 2.614034841404173058e+05
1.226625987977475626e+06 1.833510163834097330e+05
9.136943830941265915e+05 1.308653855231950292e+05
6.641214532811561367e+05 9.696228411570901517e+04
4.741972213334188564e+05 7.431506699003046378e+04
3.340681698116112384e+05 5.796049191894585965e+04
2.329078947005767259e+05 4.530116014196560718e+04
1.610441375046542671e+05 3.516019392477665679e+04
1.106146435942873795e+05 2.699265475657187926e+04
7.556423343041707994e+04 2.047690556216805999e+04
5.138863942350507568e+04 1.535635176583209977e+04
3.481695364905738825e+04 1.139568686951464042e+04
2.351522542293484730e+04 8.377467639543167024e+03
1.584002187822564338e+04 6.107809124046243596e+03
1.064600803112724498e+04 4.420773338151228018e+03
7.141492087682770944e+03 3.179368721482886031e+03
4.782838442903703253e+03 2.273808435501490749e+03
3.198760072184971250e+03 1.618201847797552546e+03
2.136811143548954533e+03 1.146656607875233931e+03
1.425987985042734863e+03 8.094273689759768331e+02
9.508174642378684212e+02 5.694545103489523399e+02
6.335308045443935043e+02 3.994338149046325270e+02
4.218782789048331665e+02 2.794361345471691607e+02
2.810820568125839714e+02 1.950484314834598649e+02
1.949327429948700683e+02 1.399700186953643879e+02
3.086863672356203665e+02 4.574159533498586256e+02
3.280112709620627356e+03 4.451343244585218599e+03
3.804915883602532267e+04 2.617276256214105524e+04
2.414789997727673326e+05 5.489739084511142573e+04
4.071618396459796350e+05 9.710858114755642600e+04
1.112970407125473284e+05 4.576616462576285994e+04
1.242222738784258945e+04 1.229011217167714676e+04
8.635685264737076068e+02 1.567700741590574125e+03
4.773341392165541919e+01 1.345570872781557341e+02
4.867267854972229024e+00 9.666225023482208911e+00
2.150178609915326611e+00 2.379508453825101455e+00
1.391827644821962195e+00 1.602308225643675144e+00
9.243624585936774940e-01 1.101441181450916851e+00
6.147192052007084406e-01 7.569049019450768689e-01
4.088938381963581059e-01 5.199747296639642968e-01
2.720401000268716230e-01 3.571128962895994130e-01
1.810295081240292370e-01 2.452053051954833918e-01
1.204939605400528885e-01 1.683341164477144547e-01
8.022052611136566702e-02 1.155440972021597318e-01
5.342129668703227141e-02 7.929954750539336406e-02
3.558409915966550402e-02 5.441939312516722721e-02
