6.043548575180324260e+05 9.167571567831456196e+04
1.924886516485313419e+06 3.647052052928805351e+05
2.186514627281679306e+06 4.956659756053225137e+05
1.994309325238110963e+06 5.250327581985988654e+05
1.648708203623662237e+06 4.931240838584606536e+05
1.289179485966921551e+06 4.307212399592760485e+05
9.727336901035058545e+05 3.581746259479253786e+05
7.160880613894236740e+05 2.874096801386168227e+05
5.177734024312160909e+05 2.244486420136172092e+05
3.693286310380260693e+05 1.715716659699203447e+05
2.606706034350203117e+05 1.289041025942715351e+05
1.824363562090166379e+05 9.547592365093569970e+04
1.268121378321044176e+05 6.987561246151755040e+04
8.765216648686028202e+04 5.062208576194927446e+04
6.030045131785327249e+04 3.635427709271638741e+04
4.131920444078545552e+04 2.591027476674361969e+04
2.821694688065884475e+04 1.834423590758044520e+04
1.921318034947217529e+04 1.291156602738012225e+04
1.304928087309214425e+04 9.040571134665084173e+03
8.843200830758953089e+03 6.300759394178829098e+03
5.981115676539915512e+03 4.372977828511315238e+03
4.038315848729444951e+03 3.023622516773843017e+03
2.722351621151232848e+03 2.083524755986248692e+03
1.832661279978341099e+03 1.431283709423839355e+03
1.232174880925946582e+03 9.804543662452915669e+02
8.274931991702261485e+02 6.698973604119861420e+02
5.551385146868184393e+02 4.566265539983924100e+02
3.720979972025250504e+02 3.106083116405526994e+02
2.541909161759925269e+02 2.158616798721032524e+02
4.709844046190956988e+02 4.471212674190994676e+02
7.128831252414652226e+03 7.106800369390422020e+03
6.388858675172768562e+04 5.983107015064729057e+04
2.774288736777412705e+05 1.387763900823773001e+05
4.122514373473113519e+05 1.233216178506770520e+05
1.500418891681026726e+05 1.134039891013678571e+05
2.491561547620796773e+04 2.463159790590493503e+04
1.788939281792985412e+03 1.787966306893035153e+03
5.539322422259463963e+01 5.487404230398485083e+01
4.861626426108164978e+00 4.541075879776757418e+00
2.894418606454244980e+00 2.696639843947576054e+00
1.922832304659934710e+00 1.800882604497814565e+00
1.277736971866718863e+00 1.202589631797365888e+00
8.487152061480981446e-01 8.024354422870439985e-01
5.635194329762526211e-01 5.350338409146156993e-01
3.740144409092957534e-01 3.564906892068729349e-01
2.481453610517008190e-01 2.373706151067576653e-01
1.645764374203054214e-01 1.579546566792178197e-01
1.091133582313950495e-01 1.050457469507905944e-01
7.231722065458547066e-02 6.981969770406205866e-02
4.791412647351633858e-02 4.638130027131238953e-02
