4.323753310789746465e+05 6.512646573980059475e+04
1.533520618811470456e+06 2.826530780098871328e+05
1.638379825037355768e+06 3.564793359335903078e+05
1.389018145900051575e+06 3.477358074434767477e+05
1.063516149147040909e+06 3.004953572680095676e+05
7.688916983456073795e+05 2.415295608192076907e+05
5.358769929548641667e+05 1.848908310701455921e+05
3.641348235590556869e+05 1.366206559977848083e+05
2.429062805369345006e+05 9.827644271148915868e+04
1.597857072738282732e+05 6.921379479221938527e+04
1.039668606117726013e+05 4.791848817206500098e+04
6.706038550229645625e+04 3.270975952861084079e+04
4.295533131727008731e+04 2.207065465923826559e+04
2.749271564559542458e+04 1.488050511808963347e+04
1.917729730403177382e+04 1.160454997851299413e+04
2.341973448942259347e+04 1.889205237348238370e+04
5.282358968817967980e+04 4.813967559767117200e+04
1.166005114628723095e+05 6.318644522995901934e+04
1.206707552685082919e+05 6.095558714991099259e+04
5.162357943576278922e+04 4.816175283894204767e+04
1.521382487742076410e+04 1.488187849092883698e+04
2.858045524610494795e+03 2.667274465402021633e+03
5.867001015171601921e+02 4.752012274274295578e+02
2.840258281172385182e+02 2.189907908962456986e+02
4.612673695096446863e+03 4.574671970530608633e+03
1.069413382196379243e+05 9.923313694480745471e+04
5.329433582692093914e+05 1.163143579357403796e+05
1.505641202268205816e+05 1.284841602398012765e+05
8.198948598752320322e+03 8.193523877815825472e+03
7.911352273776824973e+01 7.663901510684559071e+01
8.530322178792333787e+00 7.101910576096319261e+00
5.198283786882552882e+00 4.374636288372236059e+00
3.192284734961163828e+00 2.717842973288008501e+00
1.959154217746256199e+00 1.686127426211256219e+00
1.201646470019151813e+00 1.044670441950906081e+00
7.366153233094548947e-01 6.464395543849358328e-01
4.513090636822476576e-01 3.995488998977588802e-01
2.763685629090322782e-01 2.466813232676445256e-01
1.691590949191897897e-01 1.521441722235921667e-01
1.034913454268143601e-01 9.374610942912416089e-02
