1.290450323124474608e+00 3.282934730736004614e-01
5.342331561125979178e+00 1.359102145533475969e+00
6.859769241742418089e+00 1.745142437733193219e+00
8.808086310723826529e+00 2.240799918663581636e+00
1.130987423229125000e+01 2.877262466980434752e+00
1.452140436495099607e+01 3.694286420146973171e+00
1.864695137658173252e+01 4.743840631414194320e+00
2.394292179782739538e+01 6.091157008065795964e+00
3.074353240197642378e+01 7.821263549983413554e+00
3.947461554209633050e+01 1.004249708737572178e+01
5.068716661765735410e+01 1.289503890691536014e+01
6.508314631398704364e+01 1.655748061454816877e+01
8.356708718351238474e+01 2.125995586315860919e+01
1.073028546897763249e+02 2.729858524685479892e+01
1.377781391479351214e+02 3.505189094433993091e+01
1.769153828700408724e+02 4.500902990631848866e+01
2.271620292983557476e+02 5.779277431624771566e+01
2.916658855629383993e+02 7.420415936318715922e+01
3.745033005779887390e+02 9.528059095171170156e+01
4.808594592514488113e+02 1.223418064097871820e+02
6.174277944031250627e+02 1.570916448137245425e+02
7.927702996778436955e+02 2.017099680895023539e+02
1.017896541588871514e+03 2.590003912512497664e+02
1.306931921802351098e+03 3.325609919334017377e+02
1.678003513746848057e+03 4.270108276432965795e+02
2.154509968284790830e+03 5.483149371861650252e+02
2.766051471909017437e+03 7.040239796551290965e+02
3.551208861933376284e+03 9.039866031775582087e+02
4.559187866897041204e+03 1.160776178272067227e+03
5.852732001053487693e+03 1.490445786054161545e+03
7.512933086691251447e+03 1.913775572283004294e+03
9.643211217727155599e+03 2.457322992871464521e+03
1.237629108580437969e+04 3.155260699802340241e+03
1.588179428784941410e+04 4.051410900424481952e+03
2.037653404378422056e+04 5.202033795217997977e+03
2.613823863442141737e+04 6.679598899633369001e+03
2.887358911177223490e+04 7.382095954828553658e+03
3.189350083225632261e+04 8.158444524680882751e+03
3.351897540990589187e+04 8.576650916436141415e+03
3.522638728735164477e+04 9.016191042488208041e+03
3.890679384880763973e+04 9.964521969950968924e+03
4.296769161848878139e+04 1.101229381895421830e+04
4.744932764659651730e+04 1.217033038427768770e+04
5.505496681038614770e+04 1.413970895651049796e+04
7.049985032994214271e+04 1.815495265048956207e+04
9.020826958766079042e+04 2.330995170794389560e+04
1.153122313743815757e+05 2.992765343959521852e+04
1.335409951211917796e+05 3.476946769194613444e+04
1.472173610805647040e+05 3.842245914692460792e+04
1.876324614412796218e+05 4.932070959500863682e+04
2.386526207291583996e+05 6.330319719354138942e+04
2.689000357911507599e+05 7.171364260737912264e+04
2.887537358863430563e+05 7.728389383288507815e+04
2.956732262817588053e+05 7.923463894742814591e+04
3.027470915248080273e+05 8.123394867584417807e+04
3.173637716874160687e+05 8.538134886181971524e+04
3.281509179664392141e+05 8.845626389435044257e+04
3.452438379631932476e+05 9.335342299183487194e+04
3.827151509538813261e+05 1.041966165092003648e+05
4.102665210776302847e+05 1.122650307016214356e+05
4.816862003751058364e+05 1.335686788835956249e+05
5.392924477378661977e+05 1.511737707750496920e+05
6.028356087124394253e+05 1.710484548165886663e+05
6.439546525490428321e+05 1.841732316784969298e+05
7.490452192018444184e+05 2.187059356387773296e+05
7.925284411456667585e+05 2.334298684700514423e+05
8.605183154431316070e+05 2.569916733220505994e+05
8.871589105752678588e+05 2.664101628739470616e+05
9.221562522304188460e+05 2.789482310493863188e+05
1.018859879206400947e+06 3.146140705115402816e+05
1.121993008135060780e+06 3.544277850775842089e+05
1.164951996138901450e+06 3.715973898528602440e+05
1.208706540698520606e+06 3.894633273061374202e+05
1.253377888908980414e+06 4.081173879637562204e+05
1.298779310855125543e+06 4.275278155879783444e+05
1.344787833796733757e+06 4.476890470947620925e+05
1.391457936968682334e+06 4.686769194091949612e+05
1.438504167557057925e+06 4.904177849857071415e+05
1.485996305842051283e+06 5.130023747274298221e+05
1.533624825033606263e+06 5.363456963725993410e+05
1.581405619184288895e+06 5.605212567966168281e+05
1.629057131507903337e+06 5.854570321044283919e+05
1.676442135354387108e+06 6.111534287665304728e+05
1.723396259009683505e+06 6.375992370616374537e+05
1.769688088580089156e+06 6.647461519083562307e+05
1.815111249876097543e+06 6.925590030701055657e+05
1.859436834044017131e+06 7.209886273835075554e+05
1.943750993213413283e+06 7.794054251409014687e+05
1.983223379671927541e+06 8.092405347200259566e+05
2.002159110725192819e+06 8.242670046388115734e+05
2.008905889007452643e+06 8.297480569062719587e+05
2.012067711069120793e+06 8.323411650118615944e+05
2.020507210478059715e+06 8.393423587916058023e+05
2.087430988159730099e+06 8.999443362187095918e+05
2.142075987952956464e+06 9.600612856357106939e+05
2.164022360446482897e+06 9.895080688210986555e+05
2.181978491868363693e+06 1.018285062865213491e+06
2.204740537913584616e+06 1.072931489675707184e+06
2.208147838269311935e+06 1.122045641964450479e+06
2.201986591546356678e+06 1.143854365397521760e+06
2.190318223767163232e+06 1.163439557380293496e+06
2.172980431351484731e+06 1.180514928500395268e+06
2.149853968937071040e+06 1.194779310124775395e+06
2.120869159433857538e+06 1.205932526334284339e+06
2.086001597882097354e+06 1.213684607127716532e+06
2.045297112683015410e+06 1.217756775166495703e+06
1.998816028686004924e+06 1.217893337523983559e+06
1.946732929557831958e+06 1.213861640384586528e+06
1.889253705881437287e+06 1.205465095081051812e+06
1.826638096151979407e+06 1.192544630516362144e+06
1.759246036402946105e+06 1.174997554354846710e+06
1.675103410979937296e+06 1.148609871054721065e+06
1.611723334213044029e+06 1.125863595163072459e+06
1.450655099998741876e+06 1.058477324980106205e+06
1.366419284889287315e+06 1.018348843070107512e+06
1.280443863041141070e+06 9.742481464443700388e+05
1.193609821479252540e+06 9.266634986976408400e+05
1.106529815008957637e+06 8.760144909383682534e+05
1.019961188404292567e+06 8.228649609228488989e+05
9.343018608494239161e+05 7.676112317918533226e+05
8.504327144546558848e+05 7.110073464716366725e+05
7.689595599170231726e+05 6.536898629382972140e+05
6.904561374112532940e+05 5.963163540418015327e+05
6.153698963653565152e+05 5.394859855892764172e+05
5.441936068549855845e+05 4.838573123418464093e+05
4.773472161707803025e+05 4.300546720208412153e+05
4.151673225121041760e+05 3.786479246680206852e+05
3.578503852561303065e+05 3.300921028450108715e+05
3.224185020505284774e+05 2.995098565016451175e+05
3.055243218321149470e+05 2.847743924026926979e+05
2.973067247239797725e+05 2.775707652464116109e+05
2.892147716978804092e+05 2.704541354564946960e+05
2.582423960851257143e+05 2.430015447374173382e+05
2.160107469272841699e+05 2.050183162827888154e+05
1.786864439828389441e+05 1.709102448601488722e+05
1.460949844747567549e+05 1.407043927781381644e+05
1.179773803880022606e+05 1.143198264780019817e+05
9.403059663753457426e+04 9.160445493801830162e+04
7.393647730041222530e+04 7.236420355635089800e+04
4.373142445546029194e+04 4.311941765371976362e+04
2.425572847699658814e+04 2.404225473031239744e+04
1.252629942912994193e+04 1.246034444835252543e+04
8.742576896874175873e+03 8.707685981910228293e+03
5.977039862500375420e+03 5.959215191343316292e+03
3.996695912348701313e+03 3.987925177317124508e+03
2.613113570696102215e+03 2.608960794679363971e+03
1.672684563872956460e+03 1.670797500537297765e+03
1.071714973507399236e+03 1.070892773501338297e+03
8.010135556195182289e+02 8.006404336117848288e+02
9.119440303487245956e+02 9.114266671399244615e+02
1.126749387730577382e+03 1.125584162809165718e+03
3.112496538904196768e+03 3.087679371463105326e+03
9.717826643166297799e+03 9.310010779609257952e+03
2.742335146262894705e+04 2.316443483815600484e+04
6.691497430482476193e+04 4.102891673505054496e+04
1.296680907290042087e+05 4.660528967432511854e+04
1.680877500469566148e+05 4.201468191715545254e+04
1.267577460835146776e+05 4.674054258852193016e+04
5.605751247944042552e+04 3.757029362648128881e+04
1.611433988699317524e+04 1.478604094944668577e+04
2.913682053905585690e+03 2.888682873256595030e+03
2.865934959094017245e+02 2.864779052904792138e+02
6.428678931695021674e+02 4.670308922207782416e+02
1.050505842338482580e+04 5.152075731231003374e+03
8.392385820324855740e+04 2.210334366963092180e+04
3.560398267423869111e+05 3.158745200200722320e+04
1.536517868086511735e+05 2.937978855464240769e+04
2.170088380543169478e+04 9.020759093013661186e+03
1.013530290155318085e+03 6.978422144717620768e+02
1.540000432963595500e+01 1.367857831080129571e+01
0.000000000000000000e+00 0.000000000000000000e+00
0.000000000000000000e+00 0.000000000000000000e+00
0.000000000000000000e+00 0.000000000000000000e+00
0.000000000000000000e+00 0.000000000000000000e+00
0.000000000000000000e+00 0.000000000000000000e+00
