5.445188533062557124e-01 3.765355585146556994e-02
2.254252349540917244e+00 1.558819779622959700e-01
2.894551112032719864e+00 2.001588111871779319e-01
3.716664057550866929e+00 2.570081784010165293e-01
4.772320035722374953e+00 3.300071752038471473e-01
6.127459550158153689e+00 4.237156600899574244e-01
7.868278722066987640e+00 5.440942123723573332e-01
1.010297145294415344e+01 6.986246288166348961e-01
1.297256481942961948e+01 8.970592387656015632e-01
1.665674459300516119e+01 1.151823811876809600e+00
2.138801130783277671e+01 1.478996575686483794e+00
2.746256836871259210e+01 1.899061326787101933e+00
3.526209897194486587e+01 2.438413640735234367e+00
4.527771864083919695e+01 3.131017739622009799e+00
5.813719091569714692e+01 4.020289350854973520e+00
7.465173867839854438e+01 5.162334218283277210e+00
9.585413284495550101e+01 6.628584338740765247e+00
1.230727004243058786e+02 8.510919666410529771e+00
1.580276266893978914e+02 1.092833416277213132e+01
2.029070641337207235e+02 1.403220947666045504e+01
2.605357228304411592e+02 1.801799125967647797e+01
3.345269959485177651e+02 2.313573815381244003e+01
4.295274262913631560e+02 2.970707588693562684e+01
5.514989265188175978e+02 3.814479350344697650e+01
7.080929631196790979e+02 4.897885133677232261e+01
9.091870676558410196e+02 6.289370313111726318e+01
1.167278286919849506e+03 8.075585432454022339e+01
1.498657690399707235e+03 1.036956949614948371e+02
1.924107058461335782e+03 1.331566454881958634e+02
2.470132774981828334e+03 1.709820837623669831e+02
3.171003727891545168e+03 2.195589746826212831e+02
4.070443598197641222e+03 2.819392347441862512e+02
5.224596166782904220e+03 3.620520481868952629e+02
6.705264140137214781e+03 4.649396845683986612e+02
8.604311056175589329e+03 5.970814331423389376e+02
1.103954780619382655e+04 7.668329932164688216e+02
1.219601999586413513e+04 8.475647679918747599e+02
1.347306447544626280e+04 9.368021637233978254e+02
1.416055121207172124e+04 9.848809634942408593e+02
1.488277935541173065e+04 1.035418466051662108e+03
1.643987754101639075e+04 1.144477034886695037e+03
1.815843179167945345e+04 1.265005146320316271e+03
2.005562479879130115e+04 1.398258598977467045e+03
2.327669603425529203e+04 1.624971521652678348e+03
2.982324490093485292e+04 2.087591582575169014e+03
3.818768422075943090e+04 2.682296758481650613e+03
4.885963871957797528e+04 3.447014246283593820e+03
5.662136489049499505e+04 4.007422510783442704e+03
6.245166834558849223e+04 4.430740418961999239e+03
7.971618512039276538e+04 5.696263662045806996e+03
1.015878513652047550e+05 7.325684090065566124e+03
1.145959351137392223e+05 8.308912281744764186e+03
1.231512156135033583e+05 8.961409483320865547e+03
1.261361507002911967e+05 9.190165492402782547e+03
1.291894089222377952e+05 9.424749402821747935e+03
1.355039033669935598e+05 9.911803874561999692e+03
1.401688583773259888e+05 1.027328509712370578e+04
1.475692672624832776e+05 1.084964728872902924e+04
1.638294348767042684e+05 1.212872083754133200e+04
1.758178406115276739e+05 1.308308888171517174e+04
2.070279478231907124e+05 1.561378494075435447e+04
2.323465134052922367e+05 1.771708805561292684e+04
2.604308625398420845e+05 2.010474795789452037e+04
2.786950761234626989e+05 2.168928367984469514e+04
3.257144467541048070e+05 2.588848831521638203e+04
3.453195711973978905e+05 2.769244326516037108e+04
3.761599743955913000e+05 3.059637874001590535e+04
3.883084715331995394e+05 3.176318808188103139e+04
4.043247735257015447e+05 3.332186486078624148e+04
4.489332801367412321e+05 3.779005187600676436e+04
4.971221581556949532e+05 4.283983179801271763e+04
5.173975430265882169e+05 4.503840535144828027e+04
5.381795939491330646e+05 4.733988162173703313e+04
5.595406732792862458e+05 4.975815986799949314e+04
5.814076590267326683e+05 5.229144953463051934e+04
6.037378007273041876e+05 5.494150267453433480e+04
6.265757772674646694e+05 5.772109162399545312e+04
6.498011434418547433e+05 6.062352797208726406e+04
6.734689493385442765e+05 6.366431674876378383e+04
6.974468957211199449e+05 6.683575212739128619e+04
7.217662311761446763e+05 7.015192891233554110e+04
7.463086189338095719e+05 7.360752038733707741e+04
7.710290585762786213e+05 7.720749358801066410e+04
7.958695704039768316e+05 8.095574457599816378e+04
8.207370475699801464e+05 8.485141951505350880e+04
8.455514113774460275e+05 8.889601711967424490e+04
8.702203403341678204e+05 9.308958504149760120e+04
9.186769964749078499e+05 1.019123738326907624e+05
9.422426778513141908e+05 1.065365427865912206e+05
9.538008562922343845e+05 1.088987814640860306e+05
9.579641603119953070e+05 1.097662652879960369e+05
9.599239458723352291e+05 1.101777885349739809e+05
9.651833004336714512e+05 1.112924989192356588e+05
1.008697955415505217e+06 1.211813389647663571e+05
1.048022427037626388e+06 1.314921609992872691e+05
1.065712642577266321e+06 1.367690441485827323e+05
1.081865147347745951e+06 1.421023738033471163e+05
1.108862461334725376e+06 1.528454947290951386e+05
1.127618727843254106e+06 1.635040552421743050e+05
1.133476742094862042e+06 1.687191156964565162e+05
1.136767200418159598e+06 1.738046466352904681e+05
1.137338811826144811e+06 1.787203252374099102e+05
1.135048912510811351e+06 1.834196273804011289e+05
1.129771146025600843e+06 1.878524106748413760e+05
1.121397267204145668e+06 1.919667001420361921e+05
1.109845335926393745e+06 1.957065981767096091e+05
1.095046005639832001e+06 1.990181892196624540e+05
1.076974217630792642e+06 2.018419117943397723e+05
1.055627174919238780e+06 2.041206219895116519e+05
1.031031891684718663e+06 2.057977905066246167e+05
1.003266542095119599e+06 2.068177915169273037e+05
9.670063783137842547e+05 2.071088160766134970e+05
9.386704098797005136e+05 2.066845592733682133e+05
8.632287892885088222e+05 2.033733564262388973e+05
8.220130480490522459e+05 2.004486249182992615e+05
7.788031545104924589e+05 1.966506292655407451e+05
7.340455470079670195e+05 1.919875284608690999e+05
6.880755203941462096e+05 1.864700025820654118e+05
6.413255870421568397e+05 1.801317210208604811e+05
5.940527683303586673e+05 1.729935290061339037e+05
5.467971080989723559e+05 1.651300133583751740e+05
4.999693343439798336e+05 1.566137576365442947e+05
4.539788071912444429e+05 1.475325326602900168e+05
4.091750429926328361e+05 1.379774909432511777e+05
3.659462069072917220e+05 1.280632390717973467e+05
3.246481101627118187e+05 1.179146278159398935e+05
2.855940163458624156e+05 1.076632751313970075e+05
2.490143009548659320e+05 9.743441896191664273e+04
2.261047528078935575e+05 9.069229738916130736e+04
2.150968790477873990e+05 8.735417675235075876e+04
2.097220540830933023e+05 8.570000870389759075e+04
2.044160678545362898e+05 8.405101538513682317e+04
1.839807007534423901e+05 7.754565363573408104e+04
1.557717493727733963e+05 6.813190358536486747e+04
1.304724582716467266e+05 5.920910803702223347e+04
1.080572388343900675e+05 5.086706818231137004e+04
8.843526079468947137e+04 4.317271818335648277e+04
7.147652331550855888e+04 3.617553550697170431e+04
5.703186923188850051e+04 2.991299827976382221e+04
3.482481734306311409e+04 1.958948935455644096e+04
2.002527421166643035e+04 1.205373659227875396e+04
1.077866084690081516e+04 6.923234813379867774e+03
7.698323668516964062e+03 5.101715641478710495e+03
5.395392987139505749e+03 3.685731160158732564e+03
3.705527880642556283e+03 2.606890507822856762e+03
2.492663835676239614e+03 1.804077919480649143e+03
1.640075803706415627e+03 1.219847480685778919e+03
1.054487096520819705e+03 8.050712616507983057e+02
6.617083551260880085e+02 5.179585802146798414e+02
4.784556605274638628e+02 3.805739375679023055e+02
4.055055823852393360e+02 3.251637243040318026e+02
2.604583721940408054e+02 2.169895141485762338e+02
4.914390509621003957e+02 4.687068782667685127e+02
4.064094235984924580e+03 4.052623940336047326e+03
2.582988003385083357e+04 2.582430255058937109e+04
8.679482392641599290e+04 8.555602294228208484e+04
1.907721149481088214e+05 7.458617472401357372e+04
8.330513979818440566e+04 8.248154226509116415e+04
1.820581040410511196e+04 1.820560540846772346e+04
1.195126573262702550e+03 1.195046647569544348e+03
2.027717469316717569e+01 2.024752645770583115e+01
7.390683598622528905e+01 7.389639115901614730e+01
7.456391237988330431e+03 7.450749353314423388e+03
3.985351063939423329e+04 3.907459160310484731e+04
1.434991509533871722e+05 1.169230503808096109e+05
4.377005327439372195e+05 1.470877591517938999e+05
2.194554740206850111e+05 1.466776827755646664e+05
6.146134853294055210e+04 5.875832454397474066e+04
9.923247393245650528e+03 9.910130324459007170e+03
7.798235250408853290e+02 7.798163851361911156e+02
0.000000000000000000e+00 0.000000000000000000e+00
0.000000000000000000e+00 0.000000000000000000e+00
0.000000000000000000e+00 0.000000000000000000e+00
0.000000000000000000e+00 0.000000000000000000e+00
0.000000000000000000e+00 0.000000000000000000e+00
