4.25095837e+03 3.62034538e+02
1.45846263e+04 8.88989567e+01
5.35222841e+03 5.93258059e+01
6.63740263e+03 1.00000000e-10
6.23431641e+03 8.63488114e+01
5.59216432e+03 1.00000000e-10
8.46052158e+03 1.31762871e+02
6.38064828e+03 1.00000000e-10
7.83365159e+03 8.58695690e+01
8.76279137e+03 1.00000000e-10
1.24675052e+04 6.27035334e+02
1.00433105e+04 9.80040542e+01
1.05475286e+04 3.46395255e+02
1.49894567e+04 5.22083450e+02
1.16370096e+04 1.19040810e+03
1.36840797e+04 1.00000000e-10
1.74076983e+04 1.78285865e+02
1.44765638e+04 2.00176790e+03
1.77550862e+04 6.06361893e+02
1.28424716e+04 3.03754490e+02
1.81089481e+04 4.52553221e+02
1.86693241e+04 1.02274296e+03
1.87016435e+04 9.86272248e+02
1.61497901e+04 1.10026743e+03
2.11775479e+04 1.45499861e+03
1.93638444e+04 1.29889201e+03
2.02536939e+04 1.66846028e+03
2.41560160e+04 1.30085965e+03
2.13066572e+04 1.00433517e+03
1.76293395e+04 9.00150387e+02
1.87478316e+04 1.95085051e+03
2.31389923e+04 2.81231741e+03
2.06063368e+04 1.25080013e+03
2.03056972e+04 1.70934917e+03
2.67807210e+04 2.35116990e+03
3.22550936e+04 2.88295886e+03
1.14488007e+04 7.56583578e+02
1.08543749e+04 7.80631048e+02
4.90766974e+03 4.32452274e+02
3.61390255e+03 4.83146133e+02
1.10144735e+04 1.28408902e+03
1.27368732e+04 1.36527966e+03
1.54864418e+04 1.11147538e+03
2.17108703e+04 1.86118421e+03
3.54408558e+04 4.38382917e+03
4.34665223e+04 5.12470540e+03
2.85521950e+04 3.54937205e+03
2.56115368e+04 3.36842682e+03
2.04774585e+04 2.30003810e+03
5.34964314e+04 5.52680720e+03
4.51919306e+04 6.47174795e+03
2.25984781e+04 3.50902397e+03
1.62567935e+04 1.91203373e+03
7.54734502e+03 7.96729003e+02
1.00536198e+04 1.08592365e+03
2.41908027e+04 2.35005260e+03
1.34845869e+04 1.62274421e+03
1.15197546e+04 1.64509150e+03
2.33885429e+04 3.12154353e+03
1.99580907e+04 2.39214249e+03
4.84002779e+04 5.22331035e+03
4.73292855e+04 4.76105964e+03
4.62692989e+04 4.50256988e+03
2.43645282e+04 2.86834795e+03
7.32896914e+04 6.54801643e+03
4.33219598e+04 3.91621552e+03
5.85328474e+04 4.56942032e+03
3.57532621e+04 3.09350175e+03
2.48043445e+04 2.06679178e+03
9.28625966e+04 6.72490831e+03
8.39851237e+04 6.41218352e+03
3.90315309e+04 2.29807814e+03
4.67780136e+04 2.89144478e+03
5.05171260e+04 3.49601914e+03
6.91181185e+04 4.57362975e+03
5.52193495e+04 3.76172846e+03
4.42907915e+04 2.65689570e+03
5.83640376e+04 3.40892048e+03
6.54542799e+04 3.66967180e+03
6.21893812e+04 3.74697711e+03
8.40350182e+04 4.01447119e+03
8.18260034e+04 4.21485771e+03
6.59940002e+04 3.80862675e+03
8.89191590e+04 4.28928409e+03
9.02421872e+04 4.45085113e+03
8.90012607e+04 4.73063520e+03
9.40896215e+04 4.72741429e+03
2.14184316e+05 9.91411068e+03
9.79985392e+04 4.54798570e+03
5.92706906e+04 2.68233069e+03
1.51727137e+04 6.81257124e+02
7.58635685e+03 3.40628562e+02
3.03454274e+04 1.36251425e+03
2.80054150e+05 1.12978177e+04
3.04726612e+05 1.21246052e+04
1.66732182e+05 6.73931830e+03
1.64982644e+05 5.80109698e+03
3.26483009e+05 1.18861836e+04
3.82806188e+05 1.29169963e+04
1.92835043e+05 6.07840115e+03
2.06316097e+05 6.54288182e+03
2.18174498e+05 6.14067648e+03
2.36145619e+05 7.01365698e+03
2.58986396e+05 7.34747915e+03
2.86787234e+05 8.39489553e+03
3.07883218e+05 8.49099935e+03
3.07377275e+05 8.38973451e+03
3.10544421e+05 7.97052578e+03
3.24873398e+05 7.93911535e+03
3.23194276e+05 7.86175673e+03
3.37915204e+05 7.74147633e+03
4.07269415e+05 9.23236727e+03
2.95582281e+05 7.09058250e+03
7.71293709e+05 1.68957699e+04
3.59085752e+05 7.95159714e+03
4.19138711e+05 9.12954611e+03
4.50678524e+05 9.89873101e+03
3.85217255e+05 8.13298525e+03
4.41224695e+05 9.14551732e+03
4.63842221e+05 9.38573558e+03
3.80274234e+05 7.98053053e+03
3.92497563e+05 8.17056122e+03
4.45625106e+05 9.36535832e+03
4.11580133e+05 8.90550465e+03
3.74045463e+05 7.83336587e+03
3.87655097e+05 7.93612906e+03
3.72085759e+05 7.83119516e+03
3.91785192e+05 8.51351241e+03
2.66433625e+05 5.74855310e+03
1.30646628e+05 2.69354765e+03
6.53233141e+04 1.34677383e+03
6.53233141e+04 1.34677383e+03
2.38763603e+05 5.11822133e+03
3.30344437e+05 7.14265742e+03
3.57585653e+05 7.52471593e+03
3.32737892e+05 7.35886597e+03
3.03543847e+05 6.58608511e+03
3.13933885e+05 6.88109666e+03
2.77358002e+05 6.22173906e+03
5.30621288e+05 1.20570499e+04
4.89938931e+05 1.17374888e+04
4.27073298e+05 1.05064427e+04
2.01004455e+05 5.08729273e+03
1.95979622e+05 5.31118115e+03
1.72314458e+05 4.93328708e+03
1.69636060e+05 5.07020795e+03
1.59315109e+05 4.95151450e+03
1.50197692e+05 4.94718511e+03
1.41611582e+05 5.10962822e+03
9.28111496e+04 3.20318693e+03
4.39275275e+04 1.54678999e+03
1.33521547e+05 4.96317156e+03
1.29654179e+05 4.92759405e+03
1.21362278e+05 4.78953276e+03
1.23369203e+05 5.02182015e+03
1.26458352e+05 5.67733719e+03
1.23398169e+05 5.24498370e+03
1.08331957e+05 5.00261502e+03
9.93825789e+04 4.87777545e+03
7.74478576e+04 4.36080815e+03
4.30198204e+04 3.66503707e+03
1.20188828e+04 2.03146874e+03
9.39399771e+03 2.29551111e+03
6.60265629e+03 1.17471895e+03
1.12443306e+04 1.33759579e+03
4.66567706e+05 1.18696245e+04
4.67487411e+05 8.21191755e+03
4.18561165e+05 8.86189457e+03
9.65381144e+04 3.76313201e+03
1.00000000e-10 1.00000000e-10
1.00000000e-10 1.00000000e-10
1.00000000e-10 1.00000000e-10
1.00000000e-10 1.00000000e-10
1.00000000e-10 1.00000000e-10
1.00000000e-10 1.00000000e-10