7.37361752e+03 4.76349875e+02
2.50005004e+04 1.10424099e+03
8.96741717e+03 4.20134521e+02
1.09721573e+04 4.86716917e+02
1.01070966e+04 4.44373941e+02
8.80383411e+03 3.57185450e+02
1.27272045e+04 5.02162716e+02
8.93194870e+03 3.22539919e+02
9.76377917e+03 2.97836988e+02
9.07428841e+03 1.82443101e+02
9.99361126e+03 4.64378946e+02
6.64710108e+03 3.64385738e+02
7.05564432e+03 3.82193947e+02
1.18919315e+04 6.52722523e+02
1.08803807e+04 1.72806114e+03
1.42396216e+04 3.93192561e+02
1.91311282e+04 5.94256707e+02
1.61461022e+04 2.04244665e+03
1.94248984e+04 5.37068307e+02
1.32148033e+04 4.88236889e+02
1.37584083e+04 5.87392208e+02
1.23297601e+04 9.65854854e+02
1.24229211e+04 8.88198203e+02
1.22792096e+04 9.31783788e+02
1.48710250e+04 8.63017502e+02
2.63584878e+04 2.08572008e+03
1.38805874e+04 1.41062638e+03
1.60759502e+04 1.31209313e+03
1.40696470e+04 9.34867553e+02
1.47508238e+04 9.69877254e+02
1.51471663e+04 1.12108920e+03
1.53582388e+04 2.68016789e+03
1.62694451e+04 9.42582830e+02
1.70311226e+04 1.43446071e+03
2.00213865e+04 1.26998598e+03
2.72314259e+04 2.84173396e+03
8.59174272e+03 8.11339932e+02
1.25300667e+04 1.01439498e+03
4.82022603e+03 5.59566366e+02
2.62982309e+03 3.71790003e+02
9.47506812e+03 9.24686260e+02
9.82302175e+03 7.99346423e+02
1.26172195e+04 1.31572753e+03
1.70334090e+04 1.07692269e+03
2.79083595e+04 1.93684132e+03
3.39916460e+04 4.82718717e+03
2.07133994e+04 2.75166093e+03
1.80095202e+04 2.16302192e+03
1.42529052e+04 2.15440469e+03
3.92908270e+04 5.55282735e+03
3.23624505e+04 3.95647596e+03
1.68385397e+04 2.42925107e+03
1.34537968e+04 9.39275058e+02
6.24876029e+03 9.75553781e+02
8.31276071e+03 1.24056974e+03
1.99967288e+04 2.62372829e+03
1.11494745e+04 9.42824661e+02
9.53034741e+03 9.03447071e+02
1.93492398e+04 3.37416361e+03
1.65373334e+04 2.63151116e+03
4.02140381e+04 5.56605918e+03
3.94933088e+04 5.58243051e+03
3.87846004e+04 6.62935743e+03
2.05219298e+04 1.68199265e+03
6.18264267e+04 7.86569692e+03
3.61400246e+04 3.52340599e+03
4.83137097e+04 6.12703429e+03
2.92111828e+04 4.42106950e+03
2.01147718e+04 1.43701145e+03
7.39995747e+04 6.94897324e+03
6.54799930e+04 7.27838210e+03
3.03398747e+04 2.23027650e+03
3.62935548e+04 3.37380274e+03
3.91032809e+04 4.73451077e+03
5.34022967e+04 1.74794806e+04
4.25522262e+04 4.31112521e+03
3.40531643e+04 1.70008333e+03
4.47338169e+04 3.86177481e+03
5.00126322e+04 5.06880684e+03
4.73638450e+04 3.75098087e+03
6.37631982e+04 6.36518667e+03
6.18300402e+04 3.34471188e+03
4.96488388e+04 3.92098753e+03
6.68471398e+04 1.74637213e+04
6.79235135e+04 1.22145576e+04
6.71127294e+04 6.13737145e+03
7.10586056e+04 4.23645124e+03
1.62248628e+05 1.14158335e+04
7.44806735e+04 6.03566808e+03
4.51315183e+04 1.46636660e+03
1.15630660e+04 7.57105704e+02
5.78474899e+03 7.04136171e+02
2.31459876e+04 2.20029240e+03
2.14116888e+05 1.60293305e+04
2.35242982e+05 1.75817591e+04
1.29491778e+05 9.38912723e+03
1.28771446e+05 9.34596226e+03
2.56563651e+05 1.98137197e+04
3.03251139e+05 3.07631071e+04
1.53877952e+05 1.00867275e+04
1.65681879e+05 1.15032364e+04
1.76252028e+05 7.94493681e+03
1.91561249e+05 1.23527594e+04
2.10334393e+05 1.64182915e+04
2.32880668e+05 1.25738089e+04
2.49826957e+05 1.92586397e+04
2.48766034e+05 1.46610731e+04
2.50522846e+05 1.47246370e+04
2.61271004e+05 1.89955432e+04
2.59219393e+05 2.15094355e+04
2.70375255e+05 1.60928929e+04
3.25072121e+05 2.53916823e+04
2.35576238e+05 1.81552503e+04
6.13216559e+05 4.61592323e+04
2.85148423e+05 2.68714801e+04
3.32543294e+05 2.60826480e+04
3.57429540e+05 3.22898237e+04
3.05412690e+05 2.26247181e+04
3.49740942e+05 2.73114867e+04
3.67590015e+05 2.98870622e+04
3.01307954e+05 2.29962427e+04
3.10930418e+05 2.28578525e+04
3.52974852e+05 2.98805082e+04
3.25950095e+05 3.05355062e+04
2.96135454e+05 2.31527037e+04
3.06805827e+05 2.46074721e+04
2.94403392e+05 2.35465156e+04
3.09913804e+05 2.46391252e+04
2.10718658e+05 2.00126805e+04
1.03316384e+05 7.83181117e+03
5.16556688e+04 3.66306554e+03
5.16537079e+04 3.62469705e+03
1.88750398e+05 1.65682062e+04
2.61023476e+05 1.90504902e+04
2.82104343e+05 2.30022135e+04
2.61657984e+05 2.14158732e+04
2.37300715e+05 1.80798924e+04
2.42374067e+05 1.83156291e+04
2.09075612e+05 1.81254062e+04
3.59823527e+05 1.88413600e+04
2.62921465e+05 2.60255322e+04
1.54972356e+05 6.39533965e+04
5.74974760e+04 3.23938832e+04
4.46649678e+04 3.73026747e+04
3.32522912e+04 3.34227330e+04
3.18517661e+04 3.31907257e+04
3.29074841e+04 2.96509259e+04
3.62571118e+04 2.53604587e+04
4.07794745e+04 1.95268972e+04
3.03400809e+04 1.18946172e+04
1.52995440e+04 4.78436396e+03
5.60531369e+04 1.33697436e+04
6.11346097e+04 7.06605290e+03
6.45450191e+04 6.81629935e+03
7.05886823e+04 1.20809695e+04
7.60906229e+04 1.49754360e+04
7.49991996e+04 1.26612967e+04
7.07783402e+04 1.48372313e+04
7.99705073e+04 1.94617335e+04
7.15291110e+04 1.94465951e+04
4.36313393e+04 1.20871280e+04
1.29822103e+04 2.80419844e+03
1.05762418e+04 3.11682052e+03
7.18208417e+03 2.06050953e+03
9.85596585e+03 2.99997120e+03
2.31975622e+05 2.19096506e+04
1.67014902e+05 1.21832761e+04
1.11631628e+05 2.92224470e+04
1.99238802e+04 7.96206461e+03
1.00000000e-10 1.00000000e-10
1.00000000e-10 1.00000000e-10
1.00000000e-10 1.00000000e-10
1.00000000e-10 1.00000000e-10
1.00000000e-10 1.00000000e-10
1.00000000e-10 1.00000000e-10