6.227713611243333435e+05 2.287523419375448721e+05
2.343200837734935340e+06 9.950446894017346203e+05
1.475415856439826777e+06 7.063918868645390030e+05
7.200020965628199046e+05 3.812323243805541424e+05
3.157417375869292882e+05 1.820816728709346498e+05
1.306097445985044324e+05 8.101882843072859396e+04
5.209532008438724006e+04 3.440461689638275857e+04
2.027247591087311594e+04 1.413147572823837982e+04
7.750607857059308117e+03 5.661215159932285133e+03
2.924322298473989122e+03 2.224281703429853678e+03
1.092206894968094048e+03 8.604969320319296457e+02
8.251541826940372175e+02 7.061737451425108247e+02
1.841565814304827945e+05 -3.914708982936097891e+04
4.408870436822406482e+05 2.801840475358412368e+05
4.934960985710412206e+04 4.933100724489253480e+04
1.925602737943323461e+02 1.917431922381237257e+02
2.625704798815507779e+00 2.365902841891348807e+00
9.399470620868911608e-01 8.576584178556782012e-01
3.380534996466909581e-01 3.120789014847843434e-01
1.212932445100787932e-01 1.131193424208885162e-01
