3.198577020328019493e-01 1.975661291671161335e-01
1.324178329772843554e+00 8.179034700810694503e-01
1.700298564923051092e+00 1.050221062150053175e+00
2.183218984710355581e+00 1.348505694748648676e+00
2.803325869427585104e+00 1.731525956796520660e+00
3.599353653954209697e+00 2.223206787001221763e+00
4.621935258982425410e+00 2.854822372193174473e+00
5.934625499867994591e+00 3.665628228570868785e+00
7.620266012947181089e+00 4.706792535388399479e+00
9.784407353342787772e+00 6.043509728104863754e+00
1.256362464628683107e+01 7.760136594751378070e+00
1.613191370590499574e+01 9.964142604641775591e+00
2.071348359440824893e+01 1.279401087456394137e+01
2.659682748938999453e+01 1.642792832167717165e+01
3.415071089123446058e+01 2.109365947931207330e+01
4.385167149396956887e+01 2.708552960813630506e+01
5.630639661970175069e+01 3.477824222464510484e+01
7.229520264832679288e+01 4.465372772580160188e+01
9.282861439598508468e+01 5.733607857710390476e+01
1.191920887631225554e+02 7.361915439958362128e+01
1.530450745877534757e+02 9.452773528181890583e+01
1.965104177831004506e+02 1.213726914900711620e+02
2.523180386282603820e+02 1.558396399264018726e+02
3.239708336346345732e+02 2.000912714068056175e+02
4.159646774150656938e+02 2.569029994854253118e+02
5.341039126081527684e+02 3.298574288041028240e+02
6.857329986069026972e+02 4.234868055474181574e+02
8.804273636188322598e+02 5.436986278388417304e+02
1.130404114848328163e+03 6.980275842462922355e+02
1.451249267933346800e+03 8.960818571190247894e+02
1.863118933730669141e+03 1.150280186881047030e+03
2.391739961494997260e+03 1.476462129184742480e+03
3.070162794352213950e+03 1.894957677505355150e+03
3.940681944050093989e+03 2.431752175923826144e+03
5.057451333183364113e+03 3.120066618146268411e+03
6.489991136898586774e+03 4.002465628442316302e+03
7.170470603095927800e+03 4.421407087692954519e+03
7.922030233002647037e+03 4.883950495098189094e+03
8.326684800075276144e+03 5.132923861421617403e+03
8.751832238246779525e+03 5.394453792583610266e+03
9.668588849274345193e+03 5.958215694493947012e+03
1.068064870292956402e+04 6.580295657986000151e+03
1.179820771298109867e+04 7.266869975353905829e+03
1.369632861003999460e+04 8.432135166316258619e+03
1.755689782059051504e+04 1.079885470262069430e+04
2.249500228244731989e+04 1.381968668390053062e+04
2.880445292389241513e+04 1.766881761650046974e+04
3.339977545498620020e+04 2.046471103511095134e+04
3.685520949291348370e+04 2.256288183788804599e+04
4.710572345441073412e+04 2.876582738286750100e+04
6.013187771536713990e+04 3.660221029775369971e+04
6.790092532393099100e+04 4.125116016707717790e+04
7.301957516576684429e+04 4.430392410116284736e+04
7.480717461080713838e+04 4.536813151897069474e+04
7.663660875122291327e+04 4.645621418814612844e+04
8.042305279514583526e+04 4.870494011682462587e+04
8.322294112294308434e+04 5.036487862177651550e+04
8.766917211700099870e+04 5.299581326136348071e+04
9.745820833995485737e+04 5.876624761899047007e+04
1.046932330271184619e+05 6.301161859719475615e+04
1.236010081704906625e+05 7.402715418499063526e+04
1.390189604610027163e+05 8.292372802756779129e+04
1.562078453867107746e+05 9.274986946887642262e+04
1.674370713318075868e+05 9.911585283124825219e+04
1.965385468819841044e+05 1.154141979559993488e+05
2.087585772740880493e+05 1.221706451259686146e+05
2.280896559346226277e+05 1.327509696705010720e+05
2.357420405389445077e+05 1.369022699365398439e+05
2.458643791477807681e+05 1.423607832761655445e+05
2.742677577454883140e+05 1.574750133489429718e+05
3.053244807069844683e+05 1.736499628018744406e+05
3.185166296485907515e+05 1.804062614985148539e+05
3.321203137538242736e+05 1.873000335398573079e+05
3.461934888109963504e+05 1.943519272622422432e+05
3.606997457043112372e+05 2.015341807296713232e+05
3.756230286025532987e+05 2.088291278104665689e+05
3.910070190934612183e+05 2.162474131320166634e+05
4.067854955749902292e+05 2.237458222571975202e+05
4.230121704511419521e+05 2.313378326597657870e+05
4.396141125171144377e+05 2.389765235256777960e+05
4.566322516098232009e+05 2.466672130246238085e+05
4.740049627102524973e+05 2.543676154696919257e+05
4.917228853339439374e+05 2.620587583295509103e+05
5.097693239583710092e+05 2.697174955341683817e+05
5.281036111775611062e+05 2.773099015453774482e+05
5.466958644191918429e+05 2.848062434704701882e+05
5.655087296115915524e+05 2.921732246843879111e+05
6.035957828889809316e+05 3.063649178671975387e+05
6.227732371965792263e+05 3.131136631222843425e+05
6.323665153671242297e+05 3.163818711517361226e+05
6.358552550450381823e+05 3.175518492340749362e+05
6.375038718026136048e+05 3.181012163862532470e+05
6.419489277465364430e+05 3.195710666588481981e+05
6.800771552144419402e+05 3.314522546130020637e+05
7.173680752116629155e+05 3.416373873724624282e+05
7.354845222856332548e+05 3.459754305939986371e+05
7.531232468444209080e+05 3.497473263147894759e+05
7.865539652946491260e+05 3.554061877554443199e+05
8.167853583080541575e+05 3.582582947033931268e+05
8.304093388315315824e+05 3.585315760742847342e+05
8.428706396450441098e+05 3.579905207571989158e+05
8.540507668815158540e+05 3.566066862706429092e+05
8.638229084164166125e+05 3.543572682211127831e+05
8.720600042902589776e+05 3.512267169012241066e+05
8.786389627451620763e+05 3.472066485391097376e+05
8.834380661701526260e+05 3.422990369566305308e+05
8.863453590553331887e+05 3.365097954673793865e+05
8.872505745926725212e+05 3.298612386102522723e+05
8.860554837456031237e+05 3.223822735620879102e+05
8.826712240232096519e+05 3.141112613279011566e+05
8.770239228253295878e+05 3.051024425400405889e+05
8.674952927605796140e+05 2.937409818924597930e+05
8.587122042526728474e+05 2.851224057144832332e+05
8.308779937944196863e+05 2.630776869528450770e+05
8.133925859253240051e+05 2.515090522028858541e+05
7.935524869364654878e+05 2.397004147401731461e+05
7.714777509734448977e+05 2.277918272064370103e+05
7.472532282937137643e+05 2.158857646188612562e+05
7.210286596639923519e+05 2.041022068023326574e+05
6.928680798690021038e+05 1.925082833203484770e+05
6.630172702297549695e+05 1.812306056904959260e+05
6.316741727803862887e+05 1.703499421136439778e+05
5.990622176376640564e+05 1.599323191378768533e+05
5.653904874790091999e+05 1.500149223021961516e+05
5.309282439579480560e+05 1.406278802089366363e+05
4.959610665831998340e+05 1.317787962127368082e+05
4.607850895135710598e+05 1.234532670806805254e+05
4.256692201815055450e+05 1.156106059628800722e+05
4.024351094646481797e+05 1.106262626783869928e+05
3.908874638497789274e+05 1.081977900616174447e+05
3.851516053211682010e+05 1.070018637256385991e+05
3.794236835807267926e+05 1.058137760254839668e+05
3.567130574522222159e+05 1.011542290352918790e+05
3.234373224222799763e+05 9.442244828021724243e+04
2.912829146009426331e+05 8.793767814956122311e+04
2.604817316403393925e+05 8.164999349352894933e+04
2.312205883692533243e+05 7.551794406004622579e+04
2.036630953436960117e+05 6.951591469667799538e+04
1.779744374972842925e+05 6.364149123857062659e+04
1.324822567307559657e+05 5.229103958337294171e+04
9.509399304074050451e+04 4.164029805473062152e+04
6.560678862584321178e+04 3.196485837352882663e+04
5.363212562051316490e+04 2.758125595670891926e+04
4.335813512440079649e+04 2.354154342848846863e+04
3.463891857279463875e+04 1.986151478402589419e+04
2.734117276933660469e+04 1.655805126319848205e+04
2.130654921173381445e+04 1.363094717146302719e+04
1.638530144423979800e+04 1.107547322128093219e+04
1.242709025408363777e+04 8.877031441435779925e+03
1.025322009848899870e+04 7.599995629873688813e+03
9.290269849655736834e+03 7.015087071979771281e+03
6.841119809786687256e+03 5.462567798656231389e+03
4.959113251868779116e+03 4.189283401473383492e+03
3.536398624920268958e+03 3.162444191869538372e+03
2.478936341950816313e+03 2.348489122641986796e+03
1.706812167836006665e+03 1.714726320875839519e+03
1.153436195916510314e+03 1.230322707778872882e+03
7.644040831554947317e+02 8.670210772124011100e+02
4.963294843562535448e+02 5.997792605857382569e+02
3.153661768821073679e+02 4.070118573851846691e+02
1.960116481176133050e+02 2.709560130697554996e+02
1.242686077070817134e+02 1.795661354072266533e+02
9.818232581314994150e+02 1.650438529862914720e+03
9.396016935256393481e+03 1.028748255061429882e+04
7.289474542033333273e+04 4.292958407415027614e+04
5.286732386625305517e+05 1.362074205390698044e+05
1.491580692575122230e+05 6.158465865891589783e+04
1.826548521817169240e+04 1.692827607396857638e+04
1.329726498567081762e+03 2.211824183493839882e+03
6.931458955611492456e+01 1.760831913319103705e+02
3.423719718187770766e+00 9.006636372553220582e+00
1.676229170551670311e+00 5.111075831917663237e+00
1.163062001610017049e+00 3.824141760220120645e+00
8.004307496735171279e-01 2.850584682524575975e+00
1.050399459502773386e-01 6.061762616653451063e-01
