1.601046016441302840e+06 4.366312845887653530e+05
2.411949950702155940e+06 6.168568231060970575e+05
2.169461262809289619e+06 5.208108987625599839e+05
1.748185028017802164e+06 3.947603781277174130e+05
1.340874550195573829e+06 2.858360149469012395e+05
1.000029336976778577e+06 2.023528768002082361e+05
7.325094277350972407e+05 1.417786304991049692e+05
5.298907904646190582e+05 9.908444183044717647e+04
3.798337365355336806e+05 6.944467160908656660e+04
2.703906081316903001e+05 4.898663415195007110e+04
1.914437737584463321e+05 3.484784278149856254e+04
1.349639243567675294e+05 2.501137748081033351e+04
9.481436385394292301e+04 1.809863365314425027e+04
6.641713272478773433e+04 1.318412839171118685e+04
4.641369566591257171e+04 9.650897055034089135e+03
3.236995736248389585e+04 7.086315373582925531e+03
2.253943478433565178e+04 5.211273238187906827e+03
1.569185394310717129e+04 3.837203801149740684e+03
1.107354142479763505e+04 2.919339877094036638e+03
8.993790916382906289e+03 3.751758206630052882e+03
1.467925198471754447e+04 1.151145967902216762e+04
5.189641803745077050e+04 3.033466611598432064e+04
1.372715790681954823e+05 4.976069012526786537e+04
5.548386376513409778e+04 3.180152717493823729e+04
1.199440555646864959e+04 1.237653321923377371e+04
2.504535838215738295e+03 3.361159486429337448e+03
7.982411289387958959e+02 7.885124044499908678e+02
4.226247050355804618e+02 2.206456955671030187e+02
2.770193292077858018e+02 1.210386980727478772e+02
2.411771780574673301e+02 1.740126186150882006e+02
1.577050630946142064e+03 2.348246841646391658e+03
2.559160891206828455e+04 2.019090465707700423e+04
2.192704480606606521e+05 5.560007644895903650e+04
4.032374037203848711e+05 9.823355059709801571e+04
8.888233362587731972e+04 4.210438750922368490e+04
6.988445642362117724e+03 7.967296558889474909e+03
3.279038985477907318e+02 6.837477988834930329e+02
1.935158716746886043e+01 3.817462332046996210e+01
6.887469597542302147e+00 4.439918204707589133e+00
4.601508312973810355e+00 3.031428570535822153e+00
3.172315879922935622e+00 2.162345129557624368e+00
2.189000781211507096e+00 1.540983581424141491e+00
1.510651774383107604e+00 1.097574279280861820e+00
1.042630263668121060e+00 7.813691366116994885e-01
7.196947976104202116e-01 5.560120511974842028e-01
4.968470915804472643e-01 3.954901091425195858e-01
3.430500116416357881e-01 2.812076573931345247e-01
2.368950937789769950e-01 1.998822540363066613e-01
1.636145803321291392e-01 1.420336815139268405e-01
1.130207958740980789e-01 1.009001729632197641e-01
