1.964247225831093732e+06 4.853271254228227772e+05
2.926950188497538678e+06 6.521246806030059233e+05
2.604736165879800916e+06 5.208050859153280035e+05
2.077171056070190156e+06 3.713399317773820367e+05
1.577075424921265803e+06 2.518051439873543568e+05
1.164558203026336618e+06 1.667456488995682448e+05
8.447901503355235327e+05 1.098799028686431702e+05
6.053556182497557020e+05 7.335669263600150589e+04
4.299383629478312214e+05 5.042246685157530010e+04
3.033130598179195076e+05 3.599977833481790731e+04
2.128749493598038971e+05 2.663077349883955321e+04
1.487922784545659961e+05 2.019292160612079897e+04
1.036598253065684694e+05 1.550396251819630561e+04
7.202496734649613791e+04 1.194226232159431675e+04
4.993525688435290067e+04 9.177046085527035757e+03
3.455804425850832195e+04 7.015619092584551254e+03
2.388045548010105995e+04 5.329475341148328880e+03
1.648151619424869932e+04 4.022228395731803175e+03
1.136327349490804772e+04 3.016619780094724774e+03
7.827756214284810085e+03 2.249273887963695415e+03
5.388434669536952242e+03 1.668241014923386501e+03
3.707096356869027659e+03 1.231396528563766879e+03
2.549163530189834091e+03 9.050555407498241038e+02
1.752242979932084154e+03 6.626559328395053399e+02
1.204089279576298850e+03 4.835197903401433450e+02
8.272204290045092421e+02 3.517323792070621948e+02
5.682116338032544718e+02 2.551656797488544726e+02
3.903641073404793360e+02 1.846472344785348696e+02
2.728713934015385689e+02 1.348859830249186302e+02
3.325338567936007053e+02 3.644337789911806453e+02
3.189811688196997238e+03 4.029521941224998045e+03
3.907683278804425936e+04 2.474769508583543939e+04
2.425478758932412602e+05 4.471404866509011481e+04
3.989282320396377472e+05 8.252549177416140446e+04
1.139088624402802379e+05 4.201811627040038002e+04
1.250104823186853719e+04 1.154774845196480783e+04
7.790799931850175426e+02 1.338815484990500408e+03
3.972176247213297984e+01 9.400075891848530318e+01
7.122373499549473408e+00 6.532745395964015600e+00
4.332572153494738565e+00 3.378308851140825020e+00
2.968436946618223438e+00 2.405142806214402462e+00
2.041884226904179478e+00 1.711804641363884105e+00
1.405001091231413701e+00 1.217714273166715211e+00
9.670184431282663473e-01 8.658699558908448113e-01
6.657461227673491244e-01 6.154570795999010357e-01
4.584602717366720870e-01 4.373210181415039810e-01
3.158035379904263196e-01 3.106550779821037334e-01
2.175991725316359371e-01 2.206219380895454718e-01
1.499770872960865808e-01 1.566485424042390051e-01
1.034004009714010880e-01 1.112053150857358202e-01
