1.938344478234818904e+06 3.856139900277417619e+05
2.923990421376969665e+06 6.578096763377021998e+05
2.634070102017894387e+06 6.603156139485165477e+05
2.126256345302626025e+06 5.869456312571042217e+05
1.633998073382366914e+06 4.918851338236052543e+05
1.221210789542124141e+06 3.976387174285154324e+05
8.965645313424859196e+05 3.135792500806150492e+05
6.501557012115498073e+05 2.427985730170762399e+05
4.672565678937851335e+05 1.853419180310412194e+05
3.335402676634920062e+05 1.398789287834665156e+05
2.368383850651929970e+05 1.045830209144425462e+05
1.674701271806316217e+05 7.758136746869268245e+04
1.180190985037689534e+05 5.716724994471821992e+04
8.293949357337487163e+04 4.188228883374991710e+04
5.815267754495603731e+04 3.053012100224703318e+04
4.069482525267516030e+04 2.215670085672035930e+04
2.843147963251656620e+04 1.601691424179702881e+04
1.983607323142463429e+04 1.153808199422264079e+04
1.382273936605808376e+04 8.285629752549137265e+03
9.622458108844501112e+03 5.933191444049185520e+03
6.692538847830924169e+03 4.237773643523921237e+03
4.651131973879699217e+03 3.019773217122477035e+03
3.230215398828344405e+03 2.147267870613412015e+03
2.242049323431386711e+03 1.523881188138081143e+03
1.555357515792182539e+03 1.079537572754480834e+03
1.078481831798146231e+03 7.634971300321396939e+02
7.475073131353343570e+02 5.391564407727627213e+02
5.179307452461418961e+02 3.802143231511088288e+02
3.619467229453981645e+02 2.709798151225894571e+02
4.735343399434830189e+02 4.134773426354759067e+02
5.986448224891952123e+03 5.922104266256763367e+03
5.872427388920974045e+04 5.194265021322092798e+04
2.715329736003315193e+05 1.169400589655502117e+05
4.002974452374074608e+05 1.040595783340900671e+05
1.447371493557156646e+05 9.718458326547747129e+04
2.176866932258135057e+04 2.112462885488213215e+04
1.420849207601944045e+03 1.416896691292442711e+03
4.689469496667611992e+01 4.476854359301871256e+01
9.302350568519877072e+00 7.904682182154758152e+00
6.221114992740993443e+00 5.302614355255752088e+00
4.298362612805240346e+00 3.694950871961798278e+00
2.970006241975539751e+00 2.573715480971809910e+00
2.051939197949529170e+00 1.791751678021380911e+00
1.417511391404277399e+00 1.246731287724438308e+00
9.791417317257472552e-01 8.670762283127165793e-01
6.762748818627463132e-01 6.027565450401691782e-01
4.670476654045508380e-01 4.188292087461601976e-01
3.225230735769392121e-01 2.909054385230229745e-01
2.227015508801923060e-01 2.019739919787542359e-01
1.537622262666949458e-01 1.401767888809585805e-01
