5.061365197497037505e-01 5.234833430714525004e-02
2.095353441777444203e+00 2.167168900342946181e-01
2.690518506149910394e+00 2.782733122839573525e-01
3.454681953186813814e+00 3.573088543839642028e-01
4.435926351372900811e+00 4.587966154442826294e-01
5.695544170731553280e+00 5.890759908974700920e-01
7.313655720507263425e+00 7.564337422674913824e-01
9.390828515725006653e+00 9.712715167956442741e-01
1.205814891232025587e+01 1.247147588123773687e+00
1.548263701228845335e+01 1.601336997325415012e+00
1.988040492149203686e+01 2.056192633280641502e+00
2.552677741936219746e+01 2.640192237142905185e+00
3.277653393849983843e+01 3.390032399533247087e+00
4.208617285560722365e+01 4.352931992037248676e+00
5.403920900648670766e+01 5.589249754603685005e+00
6.938968571862415047e+01 7.176986540225897215e+00
8.909757927789915755e+01 9.215450158189526064e+00
1.143975912614245374e+02 1.183237552151393857e+01
1.468886641690186252e+02 1.519319159449992185e+01
1.886047282129494533e+02 1.950835221716675960e+01
2.421714124860184540e+02 2.504956758976126707e+01
3.109474546300359634e+02 3.216446745537399465e+01
3.992519473953534543e+02 4.130016727262773202e+01
5.126266854254477039e+02 5.303050478969646520e+01
6.581840063081492644e+02 6.809218585667031221e+01
8.451055386421821822e+02 8.743665176919796522e+01
1.085008004902955236e+03 1.122683605998793155e+02
1.393035091124180781e+03 1.441585004923581437e+02
1.788505265279388823e+03 1.851132271009100805e+02
2.296059089355602737e+03 2.376943693064176841e+02
2.947554138253645760e+03 3.052188660989627351e+02
3.783639071434990001e+03 3.919271008817540860e+02
4.856511709410327967e+03 5.032774173222096579e+02
6.232932480476026285e+03 6.462728926275312915e+02
7.998320861010681256e+03 8.299099201433127746e+02
1.026223494264476358e+04 1.065786149192783341e+03
1.133737668023776132e+04 1.177955371100148113e+03
1.252463315266575410e+04 1.301934396679534984e+03
1.316379273805935736e+04 1.368727630017187039e+03
1.383525874429631222e+04 1.438933997886484576e+03
1.528294060781945154e+04 1.590428362439575722e+03
1.688077289596337505e+04 1.757840773844745854e+03
1.864474380746455427e+04 1.942911005577665492e+03
2.163974640641782753e+04 2.257741040619093837e+03
2.772728625435155118e+04 2.900005060734703875e+03
3.550615134798910731e+04 3.725325703892514866e+03
4.543246135596018576e+04 4.786065667390692397e+03
5.265292788538295281e+04 5.563042112926290429e+03
5.807724472265665099e+04 6.149747604704869445e+03
7.414255296116920363e+04 7.902703191276785219e+03
9.450152332811270026e+04 1.015752182159227959e+04
1.066134729637554556e+05 1.151697014138958184e+04
1.145808391220806516e+05 1.241866786160541233e+04
1.173609271865299961e+05 1.273470252645645814e+04
1.202047982813618728e+05 1.305874191578902537e+04
1.260867353377073887e+05 1.373137815646358649e+04
1.304325480046880548e+05 1.423046426937368233e+04
1.373274087802261638e+05 1.502600359535313328e+04
1.524799891370619298e+05 1.679050142560724635e+04
1.636546487446726533e+05 1.810620407855379744e+04
1.927579897584807186e+05 2.159161467286586412e+04
2.163803061837317073e+05 2.448475016842695186e+04
2.425970893012653978e+05 2.776520828163289116e+04
2.596549294136173849e+05 2.994009024627562030e+04
3.035996547686408740e+05 3.569595131308928831e+04
3.219365826889076270e+05 3.816532079910999164e+04
3.507993356591900811e+05 4.213646975845692214e+04
3.621748278925470077e+05 4.373077006548794452e+04
3.771773968142635422e+05 4.585937214090215275e+04
4.189961381217751186e+05 5.195445897137501743e+04
4.642309366512204288e+05 5.883145875786792021e+04
4.832833078796766349e+05 6.182204623841476860e+04
5.028247918118521920e+05 6.495045193340879632e+04
5.229250951233882224e+05 6.823535402180673555e+04
5.435172572757432936e+05 7.167409676837525330e+04
5.645629453096796060e+05 7.526884538839908782e+04
5.861064268760394771e+05 7.903670402567053679e+04
6.080364069960621418e+05 8.296839051417866722e+04
6.304074006225200137e+05 8.708469680466840509e+04
6.530971125202430412e+05 9.137498817105905619e+04
6.761380946037016110e+05 9.585814178615447599e+04
6.994214959065457806e+05 1.005267792078579077e+05
7.229080793613204733e+05 1.053874624354301486e+05
7.465465662739640102e+05 1.104453237120013218e+05
7.702524715719576925e+05 1.156991147308915388e+05
7.939538899279513862e+05 1.211508000517662149e+05
8.175674597642279696e+05 1.268004307325378759e+05
8.641260904871746898e+05 1.386785860565322218e+05
8.868694595573431579e+05 1.449005811626292998e+05
8.980530625801697606e+05 1.480783137189052068e+05
9.020865276418105932e+05 1.492451599622335052e+05
9.039861688284762204e+05 1.497986774813004304e+05
9.090872940974098165e+05 1.512979539521599654e+05
9.514989496071459725e+05 1.645954829721038695e+05
9.902572531354331877e+05 1.784584716111216694e+05
1.007895533515236108e+06 1.855543130463215057e+05
1.024165843414360657e+06 1.927279227823005058e+05
1.051952500203034608e+06 2.071879930898887105e+05
1.072303227595950244e+06 2.215565746652209200e+05
1.079281522039753851e+06 2.285994438179132994e+05
1.083915418580787024e+06 2.354785214980710298e+05
1.086058175017931731e+06 2.421414378075015265e+05
1.085568922159855487e+06 2.485275293693169951e+05
1.082320358093746472e+06 2.545712764395328704e+05
1.076200902319737943e+06 2.602046799410509411e+05
1.067121260625393596e+06 2.653543308783362154e+05
1.055004058826986700e+06 2.699494592217085883e+05
1.039809533227712265e+06 2.739113104661285179e+05
1.021518425788971363e+06 2.771641578013531398e+05
1.000138022330438253e+06 2.796327295300574042e+05
9.757211641363176750e+05 2.812423412508849287e+05
9.435000814329396235e+05 2.819421083418756025e+05
9.181114925113182981e+05 2.816113328583515249e+05
8.498139807396268006e+05 2.777913386471222620e+05
8.121382629105518572e+05 2.741992070934802759e+05
7.723978691128822975e+05 2.694438039911225205e+05
7.309892597101985011e+05 2.635297238330871332e+05
6.882097564896822441e+05 2.564652238968815655e+05
6.444499881755256793e+05 2.482881214592824690e+05
5.999391041221978376e+05 2.390197131381806685e+05
5.551756774688197765e+05 2.287510910559364129e+05
5.105420571386710508e+05 2.175714078948963434e+05
4.664243880870862631e+05 2.055902523625853937e+05
4.231567571816010168e+05 1.929222903159039561e+05
3.811163334616182838e+05 1.797140878987191245e+05
3.406561013869156013e+05 1.661271283941036672e+05
3.020950729610464768e+05 1.523335342332907603e+05
2.656779617056446150e+05 1.384986372723696986e+05
2.427036029822838609e+05 1.293387089110569214e+05
2.316141883900194662e+05 1.247908976088559721e+05
2.261869224205228966e+05 1.225340941478465102e+05
2.208207468988695182e+05 1.202822092422854039e+05
2.000710548808703315e+05 1.113769232076238841e+05
1.711896155525872018e+05 9.842585177918209229e+04
1.450113740283584921e+05 8.607261336665370618e+04
1.215536101006694807e+05 7.444595655064920720e+04
1.007694068869822513e+05 6.364552411469172512e+04
8.257270650146342814e+04 5.374901059690344846e+04
6.685827318128899788e+04 4.481966075469680072e+04
4.216410929685788142e+04 2.990829973140745278e+04
2.514803630941812662e+04 1.880722261495780913e+04
1.410550719472353921e+04 1.107668453941901498e+04
1.030342289929288745e+04 8.277152207999090024e+03
7.394900791992768063e+03 6.070122856263735230e+03
5.208072978563664947e+03 4.363047349093270896e+03
3.597541083871553838e+03 3.072016136258575443e+03
2.434140022077966023e+03 2.116038395249074711e+03
1.611756890610314713e+03 1.424573176406973289e+03
1.043213304713634443e+03 9.363022352876935201e+02
7.709157377087636860e+02 6.985742658538289334e+02
6.609777724655933753e+02 6.017905464054682625e+02
4.394323740298144685e+02 4.077277400751447658e+02
6.806686140071058162e+02 6.642618289599463424e+02
3.919224507945958976e+03 3.910647347587311742e+03
2.006972761085179809e+04 1.978133827232475596e+04
6.808104650557553396e+04 4.794611568341967359e+04
1.313320776034376177e+05 3.886672233795555076e+04
6.480757087139762734e+04 4.724255249262801226e+04
1.461178395998639280e+04 1.452848932554000748e+04
1.296828324708798618e+03 1.296770100821926690e+03
3.487769688736248952e+01 3.485845041293750057e+01
2.142295927803024469e+01 2.141629250614618130e+01
4.193941087044842789e+03 4.191106428553242949e+03
2.881381099077344697e+04 2.827070843699268153e+04
1.244740860199572635e+05 1.010393872006123420e+05
4.362927048890809529e+05 1.358320520030619809e+05
2.011990650435279240e+05 1.325758679056205438e+05
4.734681492710994644e+04 4.529949662371064915e+04
5.826732563364269481e+03 5.819762460851844480e+03
3.120338363233878454e+02 3.120315297270458359e+02
0.000000000000000000e+00 0.000000000000000000e+00
0.000000000000000000e+00 0.000000000000000000e+00
0.000000000000000000e+00 0.000000000000000000e+00
0.000000000000000000e+00 0.000000000000000000e+00
0.000000000000000000e+00 0.000000000000000000e+00
