1.602333361108700745e+06 3.354222502015621867e+05
2.436865195215591229e+06 5.613309945129547268e+05
2.212640290953795891e+06 5.557110900968099013e+05
1.799795423398606945e+06 4.890525899582840502e+05
1.393417399417015724e+06 4.069547867093286477e+05
1.048921166086036945e+06 3.273925376512689982e+05
7.754593844676560257e+05 2.573876179163900670e+05
5.661421392568554729e+05 1.989545163808903890e+05
4.095454891208542977e+05 1.517883299490360077e+05
2.942012282259064959e+05 1.145970646617624443e+05
2.101897647871183290e+05 8.577636894434809801e+04
1.495122938994637225e+05 6.374146343640761916e+04
1.059721751751339616e+05 4.707582514013715263e+04
7.489003198063958553e+04 3.458267123667181295e+04
5.279365314384295198e+04 2.528690610641571402e+04
3.713898819712390105e+04 1.841400085553553072e+04
2.607978504451044137e+04 1.336035533927848883e+04
1.829300433522474486e+04 9.669387147771947639e+03
1.302262040062978849e+04 7.185750720294323401e+03
1.198076062601854392e+04 8.036030411178498980e+03
2.615976263125523474e+04 2.349182414636641261e+04
7.027193618623715884e+04 6.127620685303911159e+04
1.399922517391493893e+05 5.061350055677461205e+04
7.312767434126687294e+04 6.208401693763393268e+04
2.374118245543718513e+04 2.318364423603979958e+04
4.608737806035358517e+03 4.241921084384421192e+03
9.905130286564652806e+02 7.443996477053666467e+02
5.083516563411008633e+02 3.433432716605280461e+02
3.470667949732022066e+02 2.365103432924119602e+02
3.035441178543605929e+02 2.295171489263174180e+02
3.151379180838628145e+03 3.100751583655479863e+03
4.450936512461938401e+04 4.255928372850339656e+04
2.556501725169268902e+05 1.316080801254197140e+05
4.115741302729967283e+05 1.165955684128595749e+05
1.231848976331003214e+05 9.738557392532825179e+04
1.416050151511693912e+04 1.407101169315526931e+04
5.700824170341583113e+02 5.656696741542858717e+02
1.958443458820371674e+01 1.664743156023095239e+01
9.026763624406960673e+00 7.068331220613057297e+00
6.242516329560462651e+00 4.937054178723611741e+00
4.328008803774000768e+00 3.458089521369111630e+00
3.000274325258166286e+00 2.420766203288119200e+00
2.079601140216683852e+00 1.693667692197935004e+00
1.441281304183315903e+00 1.184334269895540359e+00
9.987806455803333039e-01 8.277560148868235990e-01
6.920649753875467436e-01 5.782596022794042057e-01
4.794921135495994191e-01 4.037808006247811665e-01
3.321820230733670276e-01 2.818253264915255296e-01
2.301085940889124881e-01 1.966231250523395313e-01
1.593871885586694570e-01 1.371252883221544261e-01
