1.350000000000000000e+01 1.331067969333339285e+01 2.467822889514533491e-01
4.000000000000000222e-01 5.191460848130114991e-01 1.856471160800076681e-01
2.000000000000000000e+05 1.988534826409457310e+05 7.992694257777795428e+04
1.000000000000000000e+01 9.832428007427282068e+00 7.137733811718811605e-01
5.999999999999999778e-01 1.062425583949371255e+00 5.555544618839971527e-01
2.000000000000000000e+04 6.119026926711449778e+04 3.925107485183800600e+04
9.000000000000000222e-01 5.290997239547164943e-01 1.098545493276127522e-01
4.000000000000000000e+05 7.411341337205943419e+05 1.662708825778181781e+05
1.500000000000000000e+00 3.510402655218654022e+00 8.017604158472743103e-01
1.000000000000000000e+05 3.452515268336091685e+04 2.225525212792993625e+04
