5.146135812940105097e+05 5.958561154881829862e+04
1.621308100942461053e+06 2.497509152528324630e+05
1.821771291530466639e+06 3.494927295866780914e+05
1.643714716910904506e+06 3.765437632135697640e+05
1.344259259653188288e+06 3.571172680592383258e+05
1.039853386467010365e+06 3.135072304447026690e+05
7.762248021590427961e+05 2.611924639448676025e+05
5.653419314414545661e+05 2.095067728945127456e+05
4.044389368405253626e+05 1.632749785034335218e+05
2.854385527592970757e+05 1.243955455414283788e+05
1.993410265669004293e+05 9.305859037591388915e+04
1.380511326348013245e+05 6.857676806178526022e+04
9.495823165871523088e+04 4.990351565386599395e+04
6.495268830532350694e+04 3.592914982434350532e+04
4.422214123947051121e+04 2.563219032676290954e+04
2.999491395484094392e+04 1.814647917097752361e+04
2.033957133491125933e+04 1.282037652501520279e+04
1.427364704711620652e+04 9.519932021959171834e+03
1.281741507452562837e+04 9.822052906709324816e+03
2.073590202984015559e+04 1.881163423405819412e+04
4.497129618868561374e+04 4.086008725706539553e+04
9.376436367180704838e+04 5.497796020074305125e+04
1.373417430341672152e+05 4.364666693331606803e+04
9.694070744920973084e+04 5.351123018962278729e+04
4.448064043081605632e+04 4.053294455512243439e+04
1.647773560272463146e+04 1.630539296601471506e+04
4.450343085293749027e+03 4.381964348894387513e+03
9.513355587816647585e+02 9.091805863206316189e+02
3.098287364034998745e+02 2.838013104826412700e+02
1.487318327262484672e+03 1.470329333697944548e+03
1.396930309381440384e+04 1.368184002356764540e+04
7.518248797183865099e+04 6.083900090829216060e+04
2.304972671855560038e+05 1.009786671927834395e+05
3.017469339561121305e+05 9.713202596513670869e+04
1.467400083101019845e+05 9.020470018992200494e+04
3.610831167520220333e+04 3.337564649228237977e+04
5.044316345782480312e+03 5.020701550918368412e+03
3.629523740475400473e+02 3.625947892172819138e+02
1.517531499072722312e+01 1.497749430907644808e+01
1.874872537660168037e+00 1.753984905663034555e+00
1.091223624833940642e+00 1.017394222100284962e+00
7.169481282309851933e-01 6.718863178856112617e-01
4.716624759263717270e-01 4.441751456193330783e-01
3.101780146089241907e-01 2.934203659094510308e-01
2.039049679972878559e-01 1.936941313931356268e-01
1.339945517003123809e-01 1.277760224879801454e-01
8.802258252643542502e-02 8.423726913883557155e-02
5.780341448502890334e-02 5.550031397352971074e-02
3.794633287339167077e-02 3.654568379181333954e-02
2.490275105193272970e-02 2.405130100638053908e-02
