6.842166554416294675e+05 1.093454725385954371e+05
2.374265415792087559e+06 4.871191944659701549e+05
2.484121593038217165e+06 6.201783044449854642e+05
2.064353815351547208e+06 6.050993325177240185e+05
1.550683160743027925e+06 5.200999600594846997e+05
1.100817429911789019e+06 4.143186258700552862e+05
7.539398986165090464e+05 3.135828161551081575e+05
5.038327010198927019e+05 2.287219325985111063e+05
3.307700336952839280e+05 1.622152060363847413e+05
2.142784205146292516e+05 1.125456229405581544e+05
1.373906080796752940e+05 7.671493431435886305e+04
8.737677728258907155e+04 5.153657848470394674e+04
5.520521765954595321e+04 3.420384590520426718e+04
3.469156309237623645e+04 2.246807170317033160e+04
2.170309493641168956e+04 1.462947593481007789e+04
1.352636089507449105e+04 9.453236613534891148e+03
8.403201875584938534e+03 6.067976273921012762e+03
5.206041085591932642e+03 3.872300994637218537e+03
3.217559370427756221e+03 2.458383513528189724e+03
1.984403771295938895e+03 1.553579770643269512e+03
1.221584936940408852e+03 9.777605193935248735e+02
7.508317469548239842e+02 6.131778763643087586e+02
4.789682346648006614e+02 4.014271424115364653e+02
1.525970781647216199e+03 1.482380016135958385e+03
2.619010555871998804e+04 2.614717725524135312e+04
1.791014617842823209e+05 1.552825504241605231e+05
4.929831311120681930e+05 1.667345309804663993e+05
2.237835902581038536e+05 1.762414126469878247e+05
3.731226648059612489e+04 3.723622922457514505e+04
2.146428675894931530e+03 2.145098112811152077e+03
4.637582755881261676e+01 4.563624268194973865e+01
5.612805623294002011e+00 5.201788240929446694e+00
3.288345108652722448e+00 3.060160752037462739e+00
1.996860575641052016e+00 1.870301767602164045e+00
1.211952381676195900e+00 1.141822258945135227e+00
7.351219676870971442e-01 6.962939454500286507e-01
4.456366870927094270e-01 4.241566409527947057e-01
2.699982149308150503e-01 2.581243107829850891e-01
1.634967620828587376e-01 1.569377587225419535e-01
9.895434802023603260e-02 9.533371601245713145e-02
