5.139740539329425083e+05 6.537377854514698265e+04
1.501617881319298642e+06 2.422335123146639671e+05
1.779181028560489416e+06 3.470397540783719160e+05
1.710327689222984016e+06 3.905384922028975561e+05
1.494558975022187456e+06 3.902314090637012850e+05
1.236660423685319256e+06 3.626764324537615757e+05
9.878838511659530923e+05 3.208544049811190926e+05
7.700841422375546535e+05 2.738443112074480159e+05
5.896524669302797411e+05 2.274068446842031553e+05
4.453969565280110110e+05 1.848062823951529572e+05
3.328745426113085123e+05 1.475810498031153111e+05
2.466731121773894411e+05 1.161625726821629796e+05
1.815335272216083249e+05 9.032943691960553406e+04
1.328332980275137234e+05 6.951907890319131548e+04
9.673343841248712852e+04 5.302907947165612131e+04
7.015929326601458888e+04 4.013877398145572806e+04
5.070940903231054835e+04 3.017644864263905038e+04
3.654215951429164852e+04 2.255123043295567913e+04
2.626469690802014156e+04 1.676330052210585200e+04
1.883498870155815166e+04 1.240175911460020870e+04
1.348188770503268097e+04 9.137758357839440578e+03
9.668797338272675916e+03 6.742483401298215540e+03
7.324106969995827967e+03 5.357215196865670805e+03
8.182876663196982008e+03 6.863415171602627197e+03
1.808709770450418000e+04 1.713429197534714331e+04
4.489269708083058504e+04 3.851511553222405928e+04
9.486564126803395629e+04 3.957480223761008529e+04
9.767805543679116818e+04 3.815720795035256015e+04
4.614638903402715368e+04 3.869268898209268082e+04
1.655940322821421069e+04 1.634149499862896118e+04
4.153961600497958898e+03 4.076676602953236397e+03
8.435133662178776603e+02 7.923664444481345299e+02
2.671021917291307091e+02 2.332169945572630922e+02
1.582147496964795437e+02 1.357870766009147019e+02
1.125490192234523903e+02 9.771815325960598386e+01
1.946924933590324258e+02 1.848935421128257417e+02
2.489247013615493870e+03 2.482697587795002164e+03
2.355793484214396085e+04 2.341902570551933240e+04
1.139062355219288584e+05 9.570933854179915215e+04
3.162661212787852855e+05 1.180527745089855744e+05
2.957712616872564540e+05 1.216795021431976347e+05
9.922080077076559246e+04 8.689266298091509088e+04
1.928219194655550382e+04 1.921129035854202084e+04
1.849998041691959315e+03 1.849618796522922821e+03
8.536157331001685122e+01 8.513374948079605531e+01
3.992236395255143844e+00 3.842673741725147973e+00
1.629752430857243306e+00 1.531614307776715256e+00
1.132403975292681775e+00 1.068038991595151810e+00
7.943850684427873343e-01 7.521894466642038424e-01
5.571299831245656309e-01 5.294797441270052696e-01
3.906199324262518702e-01 3.725085483727699764e-01
2.737967937188535705e-01 2.619382139148129784e-01
1.918589026681035148e-01 1.840973494023679935e-01
1.344059701967457443e-01 1.293278172268867154e-01
9.413288412990356013e-02 9.081156967195733176e-02
6.591031882225689698e-02 6.373878361482920862e-02
4.613787646486502275e-02 4.471855197037840485e-02
3.228915685023649867e-02 3.136177313161265384e-02
2.259193206426076544e-02 2.198616601992101072e-02
1.580338613220997473e-02 1.540781683589152740e-02
