1.140292541513765464e+06 3.094010386163578369e+05
1.661645665488719009e+06 4.275736917726173997e+05
1.691404118377431761e+06 4.132198024665969424e+05
1.565276752206263831e+06 3.637468734683974180e+05
1.384864775610904442e+06 3.069671666874689981e+05
1.193563577717382228e+06 2.533162855888281483e+05
1.011231950230770512e+06 2.065200052563680802e+05
8.465163005337708164e+05 1.673877147719165077e+05
7.023680703757503070e+05 1.354584077038189862e+05
5.788170902254329994e+05 1.097783616265837336e+05
4.744520403713090927e+05 8.927771708201308502e+04
3.872320553543837741e+05 7.294772445118601900e+04
3.149320718710004585e+05 5.991496831273293355e+04
2.553809186398367456e+05 4.946166626439770334e+04
2.065803254210053710e+05 4.101844494909798959e+04
1.667555225932213652e+05 3.414448295481503010e+04
1.343671928284938331e+05 2.850362408245925326e+04
1.081024432658349397e+05 2.384127580891575781e+04
8.685529248728418315e+04 1.996445510913815815e+04
6.970284034302443615e+04 1.672576974348866497e+04
5.588065710265731468e+04 1.401120592873391433e+04
4.475932546287534933e+04 1.173115483746174868e+04
3.582309871122245386e+04 9.813982313132612035e+03
2.865106027984866159e+04 8.201488209144281427e+03
2.290083545900532772e+04 6.845715578536175599e+03
1.829472237035737271e+04 5.706697752425036015e+03
1.460801803902571919e+04 4.750845302607660415e+03
1.165927971467037605e+04 3.949765465035481611e+03
9.302258269999125332e+03 3.279373697502345749e+03
7.419255022635197747e+03 2.719204400040687688e+03
5.915676700613756111e+03 2.251860079086221958e+03
4.715590062318572564e+03 1.862559602330536109e+03
3.758104702265387459e+03 1.538760030312321760e+03
2.994438061939563795e+03 1.269835309252540810e+03
2.385539743350303070e+03 1.046800619440404262e+03
1.900172555455965721e+03 8.620745865272247102e+02
1.513365290788538005e+03 7.092736678971391484e+02
1.205167184531281009e+03 5.830343321452194232e+02
9.596465662698525421e+02 4.788594782432531929e+02
7.640864895738948235e+02 3.929860867075005899e+02
6.083376429739425930e+02 3.222714290528895162e+02
4.842910453103283999e+02 2.640952892283116853e+02
3.854222460917217177e+02 2.162831669060185504e+02
3.063271305295878051e+02 1.772435465764796731e+02
2.422050584143568130e+02 1.492929191955278156e+02
1.891763753432554438e+02 1.697059938910826133e+02
1.528858849338744221e+02 3.753938786030840902e+02
2.070811269358375455e+02 1.012449152736217684e+03
7.958284460244651655e+02 2.759220260435775344e+03
4.044080844993048231e+03 7.669197501078475398e+03
1.841602880649584404e+04 2.089031173818622483e+04
7.027263678066163266e+04 4.969498140971925750e+04
2.069380892548447300e+05 9.782821522772187018e+04
3.146858703798874049e+05 1.562007349263207288e+05
1.463987172951342363e+05 7.708480666238095728e+04
4.448878849609931785e+04 3.732519015146548190e+04
1.084009452381546726e+04 1.471260682477232331e+04
2.199198817927107939e+03 5.307344641489949936e+03
3.582732901549567259e+02 1.922213436940591237e+03
3.859386164407538899e+01 7.039722706724987802e+02
5.959850043682006770e-01 2.493008231307300662e+02
9.958222436733277227e-01 8.193682657028449512e+01
2.639257823184865348e+00 2.457897684152835183e+01
2.851466961015399093e+00 7.106998504759195256e+00
2.489180411230780265e+00 2.854183006230235797e+00
2.036103974075956113e+00 1.984199982659598849e+00
1.633937481087350374e+00 1.591308510761412887e+00
1.304628643872635774e+00 1.291950136296099227e+00
1.040535978942542794e+00 1.049729395301827850e+00
8.297822163752173186e-01 8.529260792273878344e-01
6.617566355167086023e-01 6.929773711754867449e-01
5.278093964105174951e-01 5.629881133398797477e-01
4.210211753526860168e-01 4.573563800680251479e-01
3.358766051001809139e-01 3.715257667288298649e-01
2.679817185388874146e-01 3.017901713366161198e-01
2.138359406117719963e-01 2.451355695645608679e-01
1.706502142922438903e-01 1.991111824124103535e-01
1.362021699346802339e-01 1.617245306076603162e-01
1.087208113740192328e-01 1.313559642967015717e-01
8.679469875645126620e-02 1.066890728008804967e-01
