1.138284504027385730e+06 2.300012691362584010e+05
1.670195812692092499e+06 3.670248998152723070e+05
1.711802143825809471e+06 4.062043820707988925e+05
1.594988602084577549e+06 4.062269610958294943e+05
1.420748885418510996e+06 3.863294094080997165e+05
1.232770835325882770e+06 3.562423577385828830e+05
1.051472099628218450e+06 3.215957033112719655e+05
8.860857064641132019e+05 2.857968936718143523e+05
7.400851641567623010e+05 2.509084256046883529e+05
6.139283288009723183e+05 2.181339672630140558e+05
5.065363069665024523e+05 1.881163549810021650e+05
4.161152691430585110e+05 1.611313571800643695e+05
3.406159917796563823e+05 1.372178144284695736e+05
2.779864106145073893e+05 1.162663921791288303e+05
2.263037035304838500e+05 9.808031483470633975e+04
1.838359666723879636e+05 8.241668153299414553e+04
1.490631642744206183e+05 6.901416095103387488e+04
1.206751868401535612e+05 5.761109423054376384e+04
9.755777695373723691e+04 4.795685928485683689e+04
7.877277716424134269e+04 3.981853795447401353e+04
6.353650620804194477e+04 3.298435268751210242e+04
5.119843381682550535e+04 2.726492587189347250e+04
4.122131618044197967e+04 2.249311465363205934e+04
3.316333918127799552e+04 1.852295510242446471e+04
2.666244898597665451e+04 1.522808983957874443e+04
2.142283766695797021e+04 1.249993700233076743e+04
1.720343691385418788e+04 1.024577427043799253e+04
1.380821835718876719e+04 8.386851231931121220e+03
1.107808077468263582e+04 6.856600391716623562e+03
8.884107328973273979e+03 5.598986995440636747e+03
7.121990413889554475e+03 4.567017096226481954e+03
5.707441692092766971e+03 3.721409358761255135e+03
4.572426849331332960e+03 3.029427059745547922e+03
3.662086329789798583e+03 2.463861188718447011e+03
2.932223670055124330e+03 2.002152434859976438e+03
2.347261434639119216e+03 1.625638399793429926e+03
1.878580962052397354e+03 1.318912049427327020e+03
1.503176164697252034e+03 1.069277811353610332e+03
1.202563618586943903e+03 8.662925558204497065e+02
9.619013218448412772e+02 7.013797706207467400e+02
7.692770095355833746e+02 5.675064186187132691e+02
6.151340107559590251e+02 4.589131692531473163e+02
4.918088891184474392e+02 3.708902276360302608e+02
3.931721973238173291e+02 2.996043041365194881e+02
3.146388688404678078e+02 2.422544589143276426e+02
2.578633889953867993e+02 2.018807931799216249e+02
2.837472570127730478e+02 2.404604417953016764e+02
8.896971717837902816e+02 8.562347522371180730e+02
4.670404800628244629e+03 4.644542700799705926e+03
2.016273676233363585e+04 2.014251443773400752e+04
6.295681735960581864e+04 6.283431526711718470e+04
1.433885150634872552e+05 1.357395736693775107e+05
2.630400011269786046e+05 1.764020354600908468e+05
3.234605543797459686e+05 1.671898463154585916e+05
2.166591192538196628e+05 1.718295935728628829e+05
1.100909353951021913e+05 1.080420370087192860e+05
4.344126159726260812e+04 4.342316067488011322e+04
1.227288865760392218e+04 1.227034900471849687e+04
2.467023290404900308e+03 2.465077207233475292e+03
3.590829992467502052e+02 3.575818671466731757e+02
4.367984067361467737e+01 4.252208859674895791e+01
9.384990314467650308e+00 8.492193382802113888e+00
5.620663367550549516e+00 4.932277102280386849e+00
4.389893383677495819e+00 3.859185029998327465e+00
3.500361896589171629e+00 3.091265535632390815e+00
2.793662137924160405e+00 2.478348366035216799e+00
2.229612839583639428e+00 1.986611043535393861e+00
1.779372062077531957e+00 1.592119932350434919e+00
1.419992198526443872e+00 1.275715485998584420e+00
1.133150104264670111e+00 1.021997590797268485e+00
9.042147944940559512e-01 8.185904531825232144e-01
7.215041160744121163e-01 6.555515986031944520e-01
5.756909317141886140e-01 5.248957043056979854e-01
4.593287645724373203e-01 4.202110920587056597e-01
3.664728986367581931e-01 3.363509688597198788e-01
2.923777472420135415e-01 2.691849387962314544e-01
2.332551539614626523e-01 2.153990918238753161e-01
1.860813699455352022e-01 1.723352278856905007e-01
1.484429140356045840e-01 1.378615973079141133e-01
1.184134902561733427e-01 1.102690120270793384e-01
