3.616205406082397094e+05 5.388193941114871996e+04
1.208972922189062927e+06 2.017933009294476360e+05
1.439868306669344660e+06 2.659655406970921904e+05
1.375433761827478185e+06 2.783836286650067195e+05
1.189587353415153688e+06 2.616470901436356362e+05
9.721025068926315289e+05 2.307356572570181452e+05
7.657604445859070402e+05 1.949746629340703366e+05
5.879418218038594350e+05 1.597517121864114888e+05
4.429561192480627215e+05 1.278554641581438482e+05
3.289177623933577561e+05 1.004484357453351258e+05
2.414554428826777148e+05 7.773735708551306743e+04
1.756149537523474428e+05 5.941422056290783803e+04
1.267559522626318503e+05 4.493327813150204020e+04
9.090709996993704408e+04 3.367589372985796945e+04
6.484425026073471236e+04 2.504179063621247769e+04
4.603887486462661764e+04 1.849393824535900785e+04
3.255580626758774451e+04 1.357558551441608142e+04
2.294059786618246289e+04 9.911564762037640321e+03
1.611527075276993128e+04 7.201519490019738441e+03
1.128967213669274679e+04 5.209688789786303460e+03
7.889806899368646555e+03 3.753904925609276688e+03
5.501790132349031410e+03 2.695210935215629434e+03
3.829039868950155324e+03 1.928744111032128785e+03
2.660153486549259014e+03 1.376089519790981285e+03
1.845127700055666082e+03 9.790682558010066714e+02
1.277944763676720868e+03 6.948094145732691231e+02
8.839324107194072440e+02 4.919116044554821201e+02
6.106555377200006660e+02 3.474967005727628475e+02
4.213929560580790508e+02 2.449755693992265719e+02
2.905638859593792063e+02 1.724446806492585438e+02
2.338566506016761082e+02 1.475915169141254637e+02
8.104832638157989095e+03 -2.404902649326403662e+03
2.089587099491503322e+05 -9.757470185453287559e+04
3.441909573182880413e+05 1.610607683958507841e+05
2.576825061662644148e+05 2.554372274700771086e+05
5.829650602008829446e+04 5.828554436386115412e+04
2.980672505311546502e+03 2.973751029004493375e+03
4.801177248769845818e+01 4.341251850486796826e+01
9.940974399903614867e+00 6.887016413621831035e+00
6.746605097092593262e+00 4.720127888140528860e+00
4.616107465110583341e+00 3.272296014950446086e+00
3.156998415511194089e+00 2.266431114557984294e+00
2.158184116903228755e+00 1.568336541715321886e+00
1.474783885825819096e+00 1.084330272298757558e+00
1.007403221925116332e+00 7.490779955115793864e-01
6.878946411855232368e-01 5.170732327105854731e-01
4.695610689156768935e-01 3.566580413813942863e-01
3.204211231766668222e-01 2.458336720346194770e-01
2.185827510570541865e-01 1.693299036600627583e-01
1.490673845034617140e-01 1.165578835621303433e-01
