8.883920673726194073e+05 1.992919291519781109e+05
1.822773093834799249e+06 7.759906927907555364e+05
3.301667319732790347e+05 1.955370757943113567e+05
4.709186794784278027e+04 3.391621333930875699e+04
1.670068273592244368e+05 7.223776752802191186e+04
9.351044832473829729e+02 8.407983820857676847e+02
8.089843717854006682e+05 5.406457987095566932e+04
1.158915633271626255e+01 1.102022403260794015e+01
1.283665740880285844e+00 1.240962861573653653e+00
1.482987132143844533e-01 1.451430432074543864e-01
