1.179150733580065658e+06 2.289337144858739339e+05
1.826625945554393111e+06 3.781117438379025552e+05
1.688902347207784187e+06 3.711832770908169914e+05
1.398518153464554343e+06 3.251283115699386690e+05
1.101932274374583038e+06 2.700885799398955423e+05
8.439654283497373108e+05 2.174442209540400654e+05
6.346444681054928806e+05 1.714181309458924225e+05
4.711619912154168123e+05 1.330874542057237122e+05
3.465023765139105381e+05 1.021276578730038018e+05
2.529858442164857988e+05 7.764501820538809989e+04
1.836545990123608790e+05 5.858409443002555054e+04
1.327085908238939592e+05 4.392177469071964151e+04
9.553046062116099347e+04 3.275088746870405157e+04
6.854891861966150464e+04 2.430684752067556838e+04
4.905533924873422802e+04 1.796600440283746138e+04
3.502408371425799851e+04 1.323119307481653959e+04
2.495616314179563051e+04 9.712755771972799266e+03
1.775131860215080087e+04 7.109275936814614397e+03
1.260716597943682427e+04 5.190023305634371354e+03
8.941610432956615114e+03 3.779883234288401582e+03
6.334187713453464312e+03 2.746898041561264108e+03
4.482279366201029916e+03 1.992232878333374174e+03
3.168748625772195282e+03 1.442247446472062165e+03
2.238201325693401941e+03 1.042322751426193463e+03
1.579680495609341051e+03 7.521098414956359193e+02
1.114114603828479403e+03 5.419073078321139292e+02
7.852518127524525653e+02 3.899209310808183773e+02
5.531421385298907580e+02 2.802112826098143614e+02
3.908595281151296490e+02 2.025587989819477457e+02
3.855487534091874409e+02 2.552250234521749803e+02
3.630309376595484991e+03 3.189204517108956225e+03
5.025973619734266686e+04 2.243904494704920944e+04
2.739551463069212041e+05 3.155559192541765515e+04
3.608999011490097037e+05 1.268518078099622508e+05
1.601518731770830927e+05 1.351404147623658064e+05
3.405713232205651002e+04 3.374816561914506019e+04
2.970707994914810115e+03 2.960843039518616933e+03
1.134588585271384034e+02 1.069475867107760507e+02
1.261388381366359468e+01 8.143061411208783795e+00
8.000297722967799174e+00 4.931528522400334680e+00
5.605964534662033039e+00 3.500247506694184274e+00
3.930241121168176033e+00 2.485793863924309566e+00
2.754912870568258842e+00 1.764364493309197091e+00
1.930726466703209798e+00 1.251635442230504047e+00
1.352890415254484502e+00 8.874499348456983405e-01
9.478462331226155113e-01 6.289206431309360967e-01
6.639733221867771817e-01 4.454949316119791725e-01
4.650553162937411944e-01 3.154227746933084831e-01
3.256891768145978028e-01 2.232310724193094509e-01
2.280604630201276128e-01 1.579192500372174068e-01
