1.197795254489377607e+06 2.602803745125168934e+05
1.846317321425192291e+06 3.841027748376766685e+05
1.698685183843950974e+06 3.386482354286098853e+05
1.399704844359314302e+06 2.677979661446369719e+05
1.097467900621240726e+06 2.019333355654939078e+05
8.364479965703646885e+05 1.484301356814559549e+05
6.259378402655235259e+05 1.075094404024548130e+05
4.624520503204585984e+05 7.722195582449843641e+04
3.384605564234374324e+05 5.523604714627115754e+04
2.459310750035998644e+05 3.946115434167144122e+04
1.776824907666828658e+05 2.821601194676841260e+04
1.277844949185845326e+05 2.022227876990081859e+04
9.155210490700937225e+04 1.453997149719104345e+04
6.538616252047816670e+04 1.049253419265636330e+04
4.657385238789993309e+04 7.599668840128200827e+03
3.309829253053772845e+04 5.523198758749844274e+03
2.347536176764253469e+04 4.025923432267991302e+03
1.662164383178189019e+04 2.941500441153457359e+03
1.175123154362569221e+04 2.152961257758883221e+03
8.296948490121665600e+03 1.577656217799563819e+03
5.851200712947427746e+03 1.156823756961799518e+03
4.122110238660165123e+03 8.484046570016034821e+02
2.901287775022889946e+03 6.220954492840028252e+02
2.040331662072733707e+03 4.559315780973679466e+02
1.433792438810923613e+03 3.339116687169882880e+02
1.006884673624423272e+03 2.443313697122315489e+02
7.066681827534592912e+02 1.786023004364611779e+02
4.961429128153411625e+02 1.304037715507842563e+02
3.626032176672462697e+02 1.137681126144236714e+02
5.928943435851410868e+02 8.874908885545455632e+02
5.732489740890868234e+03 8.000034535290990789e+03
5.417437659489229554e+04 4.103529133360440028e+04
2.511798502426932100e+05 8.104690721852431307e+04
3.654709777105126414e+05 8.202551110979582882e+04
1.218710661964308238e+05 5.328185484644817188e+04
1.403459610035327751e+04 1.289170648105908731e+04
8.267918387084786218e+02 1.332295370952594567e+03
4.266923696174026759e+01 8.133389721948958595e+01
1.050103276031642707e+01 5.181713431159142402e+00
6.850428275723828619e+00 2.752339770477815861e+00
4.777347766809541874e+00 1.981453681211021944e+00
3.337562114350017595e+00 1.426463931353944226e+00
2.331499579874286798e+00 1.026164785124712875e+00
1.628522475440695505e+00 7.376788310149806627e-01
1.137390859085140482e+00 5.299402148537455393e-01
7.943067654330485672e-01 3.804613997819853433e-01
5.546691243509778158e-01 2.729811583569057287e-01
3.873033583877916186e-01 1.957521895458562700e-01
2.704233133560144942e-01 1.402960286553804337e-01
1.888062576714691077e-01 1.004988779616189654e-01
