1.306312749578059884e+06 5.106520169358302373e+05
7.353516348739974201e+05 3.166055411217082292e+05
1.236001658001393807e+05 6.465045160706424213e+04
1.856218558859766563e+04 1.198666493185310537e+04
2.692358765629171103e+03 2.121616519913184675e+03
7.499891054375004842e+02 3.629758901166360374e+03
5.958644798080124892e+05 2.501858892218264518e+05
5.970849839108490187e+01 4.159217594089820977e+02
1.155129601665833450e+00 1.760601166549316643e+00
1.686707918297878916e-01 2.964410771660471178e-01
