7.312090726694129407e+05 1.639372774703884497e+05
2.739154752281245776e+06 7.373053467286257073e+05
2.449467122313650325e+06 7.666853668074635789e+05
1.718219213277592091e+06 6.108878101720123086e+05
1.085647582964820322e+06 4.306184816099875607e+05
6.472990561502269702e+05 2.823687205293427687e+05
3.720558827853698749e+05 1.764239118698841194e+05
2.085596194862056873e+05 1.064618314762247610e+05
1.148151534417757066e+05 6.257515986756666098e+04
6.235531965111250611e+04 3.602871501792809431e+04
3.351105307852447004e+04 2.040224679525363172e+04
1.786035098585999367e+04 1.139649410568999519e+04
9.455238920038065771e+03 6.293615034933356583e+03
4.978012481019722145e+03 3.442071045994472115e+03
2.608789802958991459e+03 1.866935398632220313e+03
1.361860326052940309e+03 1.005337868455510488e+03
7.087453896611469872e+02 5.381537543129937831e+02
6.451207297787606194e+02 5.637649790130886913e+02
3.542527352921667625e+04 3.329322506594975130e+04
4.988609273554202518e+05 1.610063895931410952e+05
3.393196861363609205e+05 1.591686810515203397e+05
1.492763246708220504e+04 1.460617754472988054e+04
8.167904645856008017e+01 7.976377913991585444e+01
6.886219715142478215e+00 5.988595656707906834e+00
3.514701734795758536e+00 3.094394073900089470e+00
1.798208404368866420e+00 1.601739158433282073e+00
9.189887688657933928e-01 8.272961310844690885e-01
4.691736552119352699e-01 4.264430952692702115e-01
2.392988374785685046e-01 2.194125854086927951e-01
1.219432581363480428e-01 1.127001353066340306e-01
