2.746806785565461032e+06 6.064104665613076650e+05
3.883183213839030825e+06 9.816757692008260638e+05
2.682217205305184703e+06 7.625264543827213347e+05
1.640916454737133346e+06 5.171771513945683837e+05
9.527875360070299357e+05 3.291008865513813216e+05
5.374392362093121046e+05 2.015078972289721714e+05
2.976684393710630247e+05 1.201780506996046752e+05
1.628276654729961010e+05 7.029981367414214765e+04
8.827458928658650257e+04 4.051338621642312501e+04
4.753796011305543652e+04 2.307097185047253151e+04
2.546924417943188018e+04 1.301050631173211877e+04
1.359068697088239787e+04 7.277513410351519269e+03
7.228838167884014183e+03 4.042687180583585359e+03
3.834973548880668659e+03 2.232436914313962461e+03
2.030143592216767274e+03 1.226452110214584309e+03
1.072805315861421377e+03 6.707527305660141792e+02
5.661507758382903148e+02 3.654598820516414435e+02
4.853194364377497436e+02 3.852824846875003573e+02
3.123747687969378967e+04 2.893707925547947161e+04
4.998620362993973540e+05 1.543701747292001965e+05
3.360543339057549601e+05 1.506858560994662694e+05
1.253466971130201637e+04 1.218097706796638886e+04
5.460106152779115973e+01 5.159747685312549947e+01
6.288022975969687955e+00 4.804611085422345162e+00
3.292037335002925058e+00 2.559537461093902788e+00
1.725577149859650605e+00 1.364183449384878566e+00
9.041655704278627192e-01 7.260056911701066040e-01
4.736106001275312005e-01 3.858456003802109846e-01
2.480094543819278963e-01 2.048040651924815103e-01
1.298374323112861106e-01 1.085814979030079730e-01
