5.847013280210964149e+05 2.293264650458878605e+05
2.211714811524000484e+06 9.925336208701222204e+05
1.400035680808116915e+06 7.027247532175981905e+05
6.868294779512267560e+05 3.788301391218916979e+05
3.027740448687665048e+05 1.809297113549559144e+05
1.258957710720491013e+05 8.056800259729643585e+04
5.047286819523802842e+04 3.425977643411647296e+04
1.974071104502955131e+04 1.409760264995217585e+04
7.585085321512254268e+03 5.659964939531012533e+03
2.876009114404009779e+03 2.229284214244431496e+03
1.079382146790588422e+03 8.647475753166768300e+02
1.102699062788417905e+03 9.783691272008027227e+02
1.946270834615798085e+05 7.009430807900149375e+04
5.541811509498131927e+05 9.214890804264764301e+04
1.123040041301350175e+04 8.479248012598503919e+03
1.103397734380501483e+01 1.024072738920238912e+01
2.649009173435114661e+00 2.404469944548313975e+00
9.595321968843814053e-01 8.818709133110366194e-01
3.466323430256201821e-01 3.220529002965557552e-01
1.249198130315592181e-01 1.171642887232570984e-01
