7.095288174158004113e+05 1.596283992760807741e+05
1.537643065012307372e+06 5.604577448447290808e+05
2.879154751976680127e+05 1.408942400212368229e+05
4.254960574931147130e+04 2.568742198565745639e+04
1.051142605160514067e+05 3.841381217063678196e+04
2.428563794797628361e+03 2.148024420632170404e+03
8.346495987653298071e+05 5.658795158716489095e+04
9.898633505818319023e+00 8.537521185906387089e+00
1.154908330763796620e+00 1.035396928554746854e+00
1.337722669793561803e-01 1.234407861585371524e-01
