5.369708545265705325e+05 8.473015228886657860e+04
1.701200705391490599e+06 3.317261644787690602e+05
1.922102842946879799e+06 4.452455886320646387e+05
1.743704227080113720e+06 4.667003059715395793e+05
1.433714549007878173e+06 4.343012204145793803e+05
1.114945814467019401e+06 3.761615408189720474e+05
8.366410100812427700e+05 3.103608629465000704e+05
6.124918211698064115e+05 2.472000959039627342e+05
4.403993865562314168e+05 1.916787213775403798e+05
3.123763377760865842e+05 1.455172642728428473e+05
2.192305916865894396e+05 1.085993094669654674e+05
1.525635949510708451e+05 7.991126984694015118e+04
1.054430590109713958e+05 5.810900740012372262e+04
7.246452837683187681e+04 4.183133502985176165e+04
4.956537981741638941e+04 2.985347267287471186e+04
3.376901254622893612e+04 2.114725384412033600e+04
2.295775485253391889e+04 1.491066748065728098e+04
1.585720380974179534e+04 1.074616701543981071e+04
1.281202760831234264e+04 9.576679286565758957e+03
1.759725379478537434e+04 1.553707463605029261e+04
3.664532431866681145e+04 3.362817675600248913e+04
7.654607708665812970e+04 4.850356180106855754e+04
1.129422008668824419e+05 4.106095698582478508e+04
7.870739051326345361e+04 4.721728293945196492e+04
3.518016585160873365e+04 3.271377792454131122e+04
1.224411448297350762e+04 1.209371827323954676e+04
3.077839971368372971e+03 3.001358482198000274e+03
6.802734006141183727e+02 6.328045664455833048e+02
2.632491101763136498e+02 2.338054917116859315e+02
1.162196946742863929e+03 1.143956735892232700e+03
1.360131053177781359e+04 1.358905056229741240e+04
8.117758778787037591e+04 7.961842597725105588e+04
2.647639639923612121e+05 1.697191637795091374e+05
3.788246999061130336e+05 1.553535075321430922e+05
1.594530261934697919e+05 1.392739152061683417e+05
3.803111322668086359e+04 3.796014317627615674e+04
4.401193387668344258e+03 4.400563598874657146e+03
2.358719852366911880e+02 2.354905054782190916e+02
8.631948392416248339e+00 8.397575990188244077e+00
2.109603621842993881e+00 1.965709021048081873e+00
1.354580292059984981e+00 1.266292537027052134e+00
8.945514809186142502e-01 8.404152216713406398e-01
5.906370469774235854e-01 5.574613039655149649e-01
3.898189133063652001e-01 3.694995700073980816e-01
2.571804251097309368e-01 2.447419711850311597e-01
1.696100181199314549e-01 1.619997274772113360e-01
1.118173281287434123e-01 1.071633547563513172e-01
7.369123538559406439e-02 7.084648978596465307e-02
4.854857395249145835e-02 4.681049951420605815e-02
3.197389605971733689e-02 3.091242857845141051e-02
