3.575412482477147132e+05 4.045758814292080933e+04
1.014295246390142944e+06 1.354750985675724223e+05
1.291463824157920200e+06 1.987095078219964635e+05
1.346348555034687277e+06 2.343087874671954196e+05
1.278787002855360275e+06 2.481573452041957062e+05
1.150805948898239294e+06 2.461809288829658180e+05
9.998162954366970807e+05 2.335658201320369262e+05
8.474166742063935380e+05 2.144873490440037567e+05
7.052232948390764650e+05 1.921045065980118234e+05
5.786954482758428203e+05 1.686786331848211121e+05
4.696175172785476898e+05 1.457364890983547666e+05
3.776863565836644266e+05 1.242356307177868439e+05
3.015076339170018327e+05 1.047121185761725646e+05
2.392054594927142025e+05 8.740308997351059224e+04
1.887820285959537141e+05 7.234341344051409396e+04
1.483181356122291763e+05 5.943888364537892630e+04
1.160744359124903567e+05 4.851969068532163510e+04
9.053251157828970463e+04 3.937810825932589069e+04
7.040089007401245181e+04 3.179402762484810955e+04
5.460194327739085566e+04 2.555142773862438480e+04
4.224953309935715515e+04 2.044828635470735026e+04
3.262332930794262211e+04 1.630188826300149231e+04
2.514319830604605886e+04 1.295101282293462646e+04
1.934547008135492069e+04 1.025609393611681298e+04
1.486191207144416148e+04 8.098138021155065871e+03
1.140165739270324411e+04 6.376949415433606191e+03
8.736007131704311178e+03 5.009035855358519257e+03
6.685857390320899867e+03 3.925437395697244938e+03
5.111429558219608225e+03 3.069629716356111203e+03
3.903966870368769833e+03 2.395588304923312990e+03
2.979076289548424029e+03 1.866056275228553204e+03
2.271426332665311293e+03 1.451029917901715635e+03
1.730549088049260718e+03 1.126458135218498683e+03
1.317532823060260171e+03 8.731414300998637827e+02
1.002427272718578934e+03 6.758106983596303508e+02
7.622155156756474526e+02 5.223639798737455067e+02
5.792338074611810725e+02 4.032393285525532747e+02
4.399439359462062384e+02 3.109032334085352431e+02
3.339845004198549532e+02 2.394385546725588938e+02
2.535995253611041562e+02 1.843744147979542163e+02
1.987963147053184514e+02 1.481434755657200810e+02
2.886785823986158448e+02 2.516380350904125862e+02
1.930765870125366519e+03 1.903516969748982547e+03
1.375151986250281516e+04 1.359591988917676463e+04
6.604963524336760747e+04 5.331413400156609714e+04
2.267265584304399090e+05 8.015478763264953159e+04
3.354715529196440475e+05 1.277465162551330286e+05
2.232788026238013408e+05 1.870585365088868421e+05
1.070471838499919395e+05 1.062664019361002429e+05
3.254454236037045121e+04 3.253952138361930338e+04
5.834066107493914387e+03 5.831901871667969317e+03
6.204876394481359512e+02 6.189131017228305609e+02
4.446801868040518002e+01 4.332258415810778729e+01
6.483627875594434542e+00 5.650658656787827638e+00
3.896067638007286060e+00 3.290538556087059252e+00
2.920268529846017369e+00 2.480226668125770306e+00
2.204241628625065896e+00 1.884564782052089438e+00
1.663648381402655696e+00 1.431486153674301098e+00
1.255396060436592132e+00 1.086841749858094675e+00
9.471508118412123034e-01 8.248130375071179854e-01
7.144622284529038581e-01 6.256939164548276366e-01
5.388447133311129456e-01 4.744520962399159103e-01
4.063258906920323432e-01 3.596278373348658630e-01
3.063472946702500699e-01 2.724901961948844042e-01
2.309321119246439680e-01 2.063911006032437268e-01
1.740553008496318887e-01 1.562712671401674802e-01
1.311670188223159061e-01 1.182825542873802149e-01
9.883214636471031322e-02 8.949952161601971989e-02
7.445770040210726581e-02 6.769927584959907485e-02
5.608676177253819201e-02 5.119354839039114841e-02
