4.314088110715855728e+05 1.058803767664839397e+05
1.468735609006540384e+06 3.857153684784383513e+05
1.781291450160805602e+06 4.981206786149763502e+05
1.732729007381151430e+06 5.137352081345771439e+05
1.526016510653908597e+06 4.778802870734648313e+05
1.269812670417109039e+06 4.185696516042179428e+05
1.018538867157495115e+06 3.523210606490769424e+05
7.962842614163167309e+05 2.882389929885016754e+05
6.108509489022380440e+05 2.308035410634053405e+05
4.618425912650523242e+05 1.817258536320704734e+05
3.451968213606368518e+05 1.411496843666750938e+05
2.556260755906309932e+05 1.084065530252828612e+05
1.878522312647899962e+05 8.247351709593075793e+04
1.371640660689235665e+05 6.223767498894769233e+04
9.960899463344817923e+04 4.663844062842965650e+04
7.199893881147808861e+04 3.473497311562219693e+04
5.183149598618784512e+04 2.572964880981492752e+04
3.718119367752668040e+04 1.896721347467979649e+04
2.658880220951141018e+04 1.392174088831427434e+04
1.896156583982545999e+04 1.017861521935963174e+04
1.348900647380218288e+04 7.415619166041993594e+03
9.574745830940837550e+03 5.385259943470471626e+03
6.782840681925524223e+03 3.899291798503608334e+03
4.796403462889995353e+03 2.815718211734578290e+03
3.386191186683427986e+03 2.028192968925189234e+03
2.387052042447328859e+03 1.457564537253610979e+03
1.680437394884447031e+03 1.045243969550688917e+03
1.181521898976288412e+03 7.480733787202605072e+02
8.297813031936132120e+02 5.343995663963346487e+02
5.821389405230835337e+02 3.810977339133978603e+02
4.080049224565298687e+02 2.713332578906171761e+02
2.857004662402396775e+02 1.928900113497255688e+02
1.998900757976812201e+02 1.369292717048992927e+02
1.397434537466978952e+02 9.707314687385033380e+01
9.762352647827093222e+01 6.873082350827182552e+01
6.815237524691069382e+01 4.860537505289833859e+01
4.754773325946279527e+01 3.433409750403784955e+01
3.315264008085336656e+01 2.422711340203762376e+01
2.310263817528103658e+01 1.707798283446696530e+01
1.609068517867482129e+01 1.202687361522329468e+01
1.120134459854616971e+01 8.461960915489351365e+00
7.794002153399827826e+00 5.948545020204931255e+00
5.420717153317133885e+00 4.178207692033883980e+00
3.768504882411497725e+00 2.932416783172280716e+00
2.618828069951727233e+00 2.056522865217717655e+00
1.819194804917459551e+00 1.441213541398565168e+00
1.263263180754830239e+00 1.009308482884408109e+00
8.769167933221411193e-01 7.063717431862830409e-01
6.085269571846569914e-01 4.940475465449205572e-01
4.221478873578096147e-01 3.453358943035155226e-01
