4.416270698560614837e+05 1.399651994206567761e+05
1.488190371461106231e+06 4.458895700073095504e+05
1.786497536821308080e+06 5.049815827434286475e+05
1.720107665457560681e+06 4.576868122499901801e+05
1.499503244625435676e+06 3.746901600583184045e+05
1.235086614351054886e+06 2.891011658219075762e+05
9.806457489722373430e+05 2.144684228959321044e+05
7.589052298202903476e+05 1.546637057645521127e+05
5.762999275864306837e+05 1.091618203556532972e+05
4.313315472269848105e+05 7.575564620663953247e+04
3.191530869773823069e+05 5.187294224432553165e+04
2.339724014831248787e+05 3.515300333890924230e+04
1.702222835998509836e+05 2.364788997866923455e+04
1.230539437690621417e+05 1.584569304743720568e+04
8.847583549170642800e+04 1.061934941865481960e+04
6.331989929598150047e+04 7.152776563920480839e+03
4.513508374349852238e+04 4.868317767068350804e+03
3.206047470707678804e+04 3.365045435222495144e+03
2.270348835916595635e+04 2.370182568132822780e+03
1.603384515522882430e+04 1.702371508578857174e+03
1.129632019616627622e+04 1.244200918204123809e+03
7.941510654137979145e+03 9.216148290231558349e+02
5.572281486317483541e+03 6.887192771823638395e+02
3.903110648934030451e+03 5.171032961671830890e+02
2.729668843818561527e+03 3.888346321695557890e+02
1.906315428125802782e+03 2.921700368361819073e+02
1.329603354774834543e+03 2.190631497365322957e+02
9.262801926189316646e+02 1.637582026520113914e+02
6.446150939989292965e+02 1.219973195844731890e+02
4.481635373748852658e+02 9.056057646376308412e+01
3.113053289827525418e+02 6.698377247251323752e+01
2.160643111703281818e+02 4.937240785603867721e+01
1.498495025053490792e+02 3.627021876065194306e+01
1.038556096199536398e+02 2.656111507304902375e+01
7.193349892267751500e+01 1.939351710025685804e+01
4.979446084390647798e+01 1.412098982501798616e+01
3.445082773606766580e+01 1.025542652295434465e+01
2.382349807720784440e+01 7.430194539917810204e+00
1.646704220552472364e+01 5.371279174260688904e+00
1.137746390933773810e+01 3.874847810497806577e+00
7.857954662074077667e+00 2.789936646044998803e+00
5.425266069632148636e+00 2.005189542292359128e+00
3.744487033861705783e+00 1.438772229918948042e+00
2.583656550004625796e+00 1.030751824003136807e+00
1.782210396216547865e+00 7.373737215863271910e-01
1.229064684430675181e+00 5.267870936417879957e-01
8.474054264773994705e-01 3.758682861390029162e-01
5.841400888053948082e-01 2.678708692166648087e-01
4.025872570152187468e-01 1.906944048966507377e-01
2.774135847354674556e-01 1.356138315739056632e-01
