1.086550776080673408e+00 2.495463208389852028e-01
4.498208559787077121e+00 1.033096735805707489e+00
5.775881324076383549e+00 1.326538194942370019e+00
7.416351806079674702e+00 1.703303129420964623e+00
9.522841271811277153e+00 2.187098412260905178e+00
1.222692927226440140e+01 2.808144057534338600e+00
1.570061388821678960e+01 3.605943172355850379e+00
2.015978797954473123e+01 4.630080486592863309e+00
2.588586027498013920e+01 5.945188291658556778e+00
3.323737947181108865e+01 7.633616534381864938e+00
4.267828114802911443e+01 9.801920932858777746e+00
5.479961334093639636e+01 1.258585376169148873e+01
7.036298939346356462e+01 1.616034546631466640e+01
9.034838110748810891e+01 2.075048430946837641e+01
1.160084217167489697e+02 2.664399304921271039e+01
1.489618078097925036e+02 3.421268884602250182e+01
1.912692916887799015e+02 4.392994978554574459e+01
2.455813408475810320e+02 5.640465028293795058e+01
3.153302713711712499e+02 7.242532594525579270e+01
4.048820687019695015e+02 9.299510235180832751e+01
5.198727140653513743e+02 1.194090412972402646e+02
6.675116046391527789e+02 1.533239925776973678e+02
8.570691430632640504e+02 1.968708544650763770e+02
1.100439516713760213e+03 2.527842797508958483e+02
1.412886742531768959e+03 3.245747668209951371e+02
1.814114213512301376e+03 4.167755501358992660e+02
2.329048182036012804e+03 5.351245151477464788e+02
2.990178570985538499e+03 6.871052678490514154e+02
3.838944695577154562e+03 8.822708398869053781e+02
4.928190020199963328e+03 1.132816474716141784e+03
6.326216164286980529e+03 1.454525916771368429e+03
8.120139736411755621e+03 1.867566751185117937e+03
1.042177593321942913e+04 2.397882452197329258e+03
1.337404681792978772e+04 3.078730643964883711e+03
1.715967509201743815e+04 3.952789324779634626e+03
2.201278155422001873e+04 5.075001537209293019e+03
2.431693392936891905e+04 5.608468313513589237e+03
2.686090632325009938e+04 6.197956798184175568e+03
2.823025620696357873e+04 6.515478574991426285e+03
2.966867088678228902e+04 6.849178240769280819e+03
3.276937488257039513e+04 7.569084248358056357e+03
3.619085069321792980e+04 8.364370114556404587e+03
3.996707456157015986e+04 9.243217433024597995e+03
4.637620365593525639e+04 1.073748389333194791e+04
5.939373375712860434e+04 1.378282054141644039e+04
7.600946199219860137e+04 1.769020409024943365e+04
9.718179042124853004e+04 2.270240405829109659e+04
1.125611515668121428e+05 2.636684060699278780e+04
1.241027649755468010e+05 2.913004113995310036e+04
1.582248670689596038e+05 3.736620284073776565e+04
2.013340971069058869e+05 4.791721455588442041e+04
2.269093797813348356e+05 5.425524805937381461e+04
2.437037383558145957e+05 5.844956542754883412e+04
2.495583525407747948e+05 5.991782245568797225e+04
2.555443237008193100e+05 6.142229886080996948e+04
2.679154744873053278e+05 6.454214086548378691e+04
2.770474803316534963e+05 6.685429421013075626e+04
2.915213397635743604e+05 7.053506513139780145e+04
3.232667747421409586e+05 7.867808147161197849e+04
3.466219935447662137e+05 8.473129098911298206e+04
4.072202192323433701e+05 1.006903642580828746e+05
4.561583375723127392e+05 1.138540002080597333e+05
5.102045112423088867e+05 1.286892264674216276e+05
5.452150729335476644e+05 1.384719957942245528e+05
6.348311764336938504e+05 1.641614880339191295e+05
6.719713963987417519e+05 1.750941588196469238e+05
7.301166957659093896e+05 1.925650852541147033e+05
7.529249519274671329e+05 1.995409779887216864e+05
7.829098724950756878e+05 2.088207737912444863e+05
8.658983542240639217e+05 2.351790696868493687e+05
9.546357209570487030e+05 2.645407339051093441e+05
9.916732616084667388e+05 2.771847325353105552e+05
1.029444453860571841e+06 2.903308979462177958e+05
1.068058771061590174e+06 3.040461765069349203e+05
1.107359972104731016e+06 3.183066861609083135e+05
1.147246730771729490e+06 3.331079682691174094e+05
1.187771844529307447e+06 3.485054190854041371e+05
1.228693166023979429e+06 3.644448952844196465e+05
1.270077354548472445e+06 3.809929856087777298e+05
1.311660868309529033e+06 3.980876941572832875e+05
1.353463914031498600e+06 4.157833840442930814e+05
1.395246750952600269e+06 4.340281408649480436e+05
1.436895535236607073e+06 4.528234061796681490e+05
1.478272569679317065e+06 4.721624705199005548e+05
1.519180777030255878e+06 4.920118989792356733e+05
1.559444634240859654e+06 5.123483061616658233e+05
1.598868179873791989e+06 5.331385561677026562e+05
1.674292256268803496e+06 5.758803550317129120e+05
1.709844773449124303e+06 5.977290227341386490e+05
1.726967918171040714e+06 6.087399640509756282e+05
1.733080817326905439e+06 6.127576273688466754e+05
1.735947862365615088e+06 6.146586606465145014e+05
1.743607966592015699e+06 6.197921745079164393e+05
1.804816595736911055e+06 6.642911301620807499e+05
1.855739454849115107e+06 7.085872226999644190e+05
1.876647911894427845e+06 7.303627960945388768e+05
1.894150389080156339e+06 7.517086385754703078e+05
1.917845485303723486e+06 7.924852140615854878e+05
1.924745809974752599e+06 8.295467422734426800e+05
1.921313982701940229e+06 8.462078489030690398e+05
1.913030852382222656e+06 8.613425745842885226e+05
1.899730177374121733e+06 8.747449395488244481e+05
1.881281733193740947e+06 8.861957600108736660e+05
1.857598465942712501e+06 8.954741024434762076e+05
1.828633939080838813e+06 9.023640035985263530e+05
1.794403936294802232e+06 9.066541114714096766e+05
1.754940419288532808e+06 9.081479851819220930e+05
1.710376514092099154e+06 9.066607738242836203e+05
1.660877350100402720e+06 9.020312868541991338e+05
1.606659456474867417e+06 8.941222502548808698e+05
1.548031681829879992e+06 8.828331347993998788e+05
1.474512551803184673e+06 8.653030311462981626e+05
1.418943092902131146e+06 8.498837587383973878e+05
1.277153667869056342e+06 8.032301309064561501e+05
1.202748720403371612e+06 7.749790619425594341e+05
1.126675309511769097e+06 7.436336894480199553e+05
1.049738644879251253e+06 7.095174944225761574e+05
9.725095544149888447e+05 6.729108476646385388e+05
8.956886446269870503e+05 6.342039040947832400e+05
8.196577705577997258e+05 5.936705925132528646e+05
7.452263519325549714e+05 5.518534304460231215e+05
6.729571999647610355e+05 5.092179892295629252e+05
6.033808697294716258e+05 4.662539818044914864e+05
5.369111927349383477e+05 4.234158958481297595e+05
4.739965486980930436e+05 3.812114684312801110e+05
4.150145001609140309e+05 3.401317258365298621e+05
3.602623493396212580e+05 3.006348301883426029e+05
3.099075881940273684e+05 2.630982603624523035e+05
2.788439329110241961e+05 2.393365046165106469e+05
2.640518530494920560e+05 2.278530201833382016e+05
2.568615388246397779e+05 2.222308401956880407e+05
2.497843302323401149e+05 2.166711112610092096e+05
2.227264726686132490e+05 1.951724255772824399e+05
1.859176156345172785e+05 1.652850141425868496e+05
1.534788542191124870e+05 1.382961507726442651e+05
1.252352746506952826e+05 1.142650455457263015e+05
1.009388387008157151e+05 9.316393366156535922e+04
8.030480934335934580e+04 7.490566766535412171e+04
6.303760250968024047e+04 5.936608333896059048e+04
3.717685767721674347e+04 3.559131768693758931e+04
2.057535364695828321e+04 1.995504237396714598e+04
1.061112713679549961e+04 1.039355643023052289e+04
7.403165213938276793e+03 7.279926383409039772e+03
5.060485236355365487e+03 4.992838565027132063e+03
3.383811294354688016e+03 3.347912997394182185e+03
2.212014777311596845e+03 2.193613363478425526e+03
1.411410925717318378e+03 1.402321246106935405e+03
8.781462935025147090e+02 8.738265466462805762e+02
5.334466273171623243e+02 5.314757834407336077e+02
3.841883765000621906e+02 3.830475323301350272e+02
3.347148999725630460e+02 3.338532933722421490e+02
4.041214044149545543e+02 4.037613358222231454e+02
1.879023858918252472e+03 1.878879301084535882e+03
1.011148015491294609e+04 1.010939808990165511e+04
3.848611665611381613e+04 3.779121388810892677e+04
1.052199621948954446e+05 7.505099560958596703e+04
1.807992569936558139e+05 6.447690391735435696e+04
1.010413632633230591e+05 7.430576264285610523e+04
2.984398008315250627e+04 2.961005404674010788e+04
4.256092649019814417e+03 4.256045780022024701e+03
2.268492215659121882e+02 2.268492093309157269e+02
4.156992794910695288e+00 4.156977040042415972e+00
4.863290835705337258e+02 4.775321848587574323e+02
9.148661506054242636e+03 8.028677151466788928e+03
8.561973463536675263e+04 4.957681716308840259e+04
4.630072025886720512e+05 8.418387333376938477e+04
1.703355247339319321e+05 7.326645768368997960e+04
1.967641758472816218e+04 1.586908935918964198e+04
7.994146549932509060e+02 7.792340494426712212e+02
9.747725090083610766e+00 9.735323053896612677e+00
0.000000000000000000e+00 0.000000000000000000e+00
0.000000000000000000e+00 0.000000000000000000e+00
0.000000000000000000e+00 0.000000000000000000e+00
0.000000000000000000e+00 0.000000000000000000e+00
0.000000000000000000e+00 0.000000000000000000e+00
