4.846798208155195462e+05 1.299114996521034045e+05
1.562438746665361570e+06 3.795939793224202003e+05
1.795290886419594521e+06 3.942554104036975186e+05
1.655450046345275827e+06 3.283579249811265618e+05
1.382845274418452755e+06 2.484515710876621306e+05
1.092004858007619390e+06 1.792985382059733383e+05
8.317122606519986875e+05 1.269817077137175947e+05
6.177499486565947300e+05 9.009943609270651359e+04
4.504701238151512225e+05 6.496267773753154324e+04
3.239265742297134711e+05 4.787064564001967665e+04
2.303963822025585396e+05 3.596365547588627669e+04
1.624439307588173833e+05 2.734930978154455079e+04
1.137198455642073386e+05 2.089381941065042338e+04
7.914312696379891713e+04 1.594339354499442561e+04
5.480969230077205430e+04 1.210879167657650396e+04
3.780259508237520640e+04 9.136595169605250703e+03
2.599071207022890303e+04 6.844499830020591617e+03
1.787055518045019562e+04 5.103808400164161867e+03
1.256835243469532179e+04 3.973349311732004935e+03
1.048403129537987297e+04 4.950716596590858899e+03
1.624662229310741168e+04 1.203938779032296952e+04
4.622327258516074653e+04 2.409375292181414989e+04
1.019891919037619518e+05 3.179012671890387719e+04
4.817946527420663188e+04 2.475719380444724084e+04
1.306125609248582623e+04 1.267524933227814108e+04
3.284241200722513440e+03 4.434565408778949859e+03
1.005583703915359933e+03 1.399642188702564908e+03
4.494141596629207243e+02 4.812860568555265672e+02
2.684057179557062227e+02 2.027945137037229983e+02
3.115069321693623010e+02 3.789379431817889667e+02
2.870869694255688046e+03 3.733163195134374291e+03
3.529984848824292567e+04 2.307899618391904369e+04
2.243153112327176786e+05 4.901608828202393488e+04
3.716817559626501752e+05 9.217965753833745839e+04
1.040463513360413781e+05 4.085378024085253128e+04
1.122976298941275672e+04 1.060186725908670633e+04
7.103323856665604126e+02 1.284946766268050169e+03
3.814382776745527792e+01 1.038201064676384107e+02
5.815519844587416110e+00 7.130190052446205407e+00
3.221530153392329954e+00 2.838929918069810210e+00
2.149303665007202824e+00 1.971781344773968492e+00
1.445640487151192310e+00 1.375263664314702261e+00
9.726220660800176665e-01 9.589849869496288592e-01
6.544344166965466725e-01 6.685882115291202910e-01
4.403871487429084630e-01 4.660850539334180920e-01
2.963868693887408701e-01 3.249138197643415826e-01
1.995022857535455607e-01 2.265182189438986193e-01
1.343104060426068558e-01 1.579442864144101066e-01
9.043824951794128542e-02 1.101546733335003053e-01
6.090918198076769596e-02 7.684773687732895930e-02
