4.777461497732196003e+05 6.870965278330142610e+04
1.556656113428988494e+06 2.686311723901065998e+05
1.807818311816866510e+06 3.634208171120411716e+05
1.684800149421473965e+06 3.860717636934411712e+05
1.422325486879087053e+06 3.653884045790375676e+05
1.135068034456747118e+06 3.226126215918308590e+05
8.736123300983142108e+05 2.717782486434443854e+05
6.556622801505259704e+05 2.212745784219546476e+05
4.830871156796256546e+05 1.755288145780750783e+05
3.509654855087944889e+05 1.364081799019438913e+05
2.521820183071166975e+05 1.042543809391793911e+05
1.796058077852195129e+05 7.858780244813233730e+04
1.269943993432494754e+05 5.855584182603383670e+04
8.925664297937156516e+04 4.319946380868591950e+04
6.241708720182436082e+04 3.159857957805271872e+04
4.346126010673210840e+04 2.294110075476330530e+04
3.015177905650332104e+04 1.654743932688571658e+04
2.087614030605643347e+04 1.189098362352963159e+04
1.480431462605296838e+04 8.889907234861908364e+03
1.368608685603774757e+04 9.804663548375412574e+03
2.504153287179912513e+04 2.245582914263491330e+04
5.707384825437435939e+04 4.493470001036497706e+04
1.041277707476744545e+05 3.274500085165418568e+04
5.844871875141174678e+04 4.406075400160541903e+04
2.153065420102526332e+04 2.099749017268771786e+04
5.373426195613672462e+03 5.078101654014595624e+03
1.199546941976398102e+03 1.008536150201696728e+03
4.992429359904995181e+02 3.758745157407356601e+02
3.207936131098474561e+02 2.412208045196888406e+02
4.172520754865945491e+02 3.659910084991026906e+02
5.578128337728523547e+03 5.537915132742298738e+03
5.522790218585544790e+04 5.126872345682566811e+04
2.561512443531916942e+05 1.237210833678462659e+05
3.848648045249306015e+05 1.099629571303544217e+05
1.351992395901185810e+05 9.996156771162385121e+04
2.053564366440946105e+04 2.025327811107775415e+04
1.302223368298555442e+03 1.299794622416280845e+03
3.912011253434447156e+01 3.765440529523580437e+01
6.600456550077304918e+00 5.664061868154020907e+00
4.283345111908920089e+00 3.685519025226401624e+00
2.886780294367059962e+00 2.505355664720941622e+00
1.945122232028052789e+00 1.701916168284164144e+00
1.310126986876686939e+00 1.155143756105934560e+00
8.821055748798879437e-01 7.833977423153281050e-01
5.937112444036201087e-01 5.308784686683889475e-01
3.994696710670693762e-01 3.594937035746629816e-01
2.686902952007700907e-01 2.432688913236428774e-01
1.806696219517796020e-01 1.645112735974063045e-01
1.214474040751897521e-01 1.111814385598724197e-01
8.161422919201334614e-02 7.509470323833021543e-02
