8.308300847745160572e+05 2.166811401955127949e+05
3.042759743578290567e+06 9.980690918669346720e+05
1.866808981214406900e+06 7.319074507345100865e+05
8.885646145535402466e+05 4.020970959298023954e+05
3.804365867725208518e+05 1.936774949914600584e+05
1.537882357965895790e+05 8.636445399847318185e+04
6.002312391003354423e+04 3.661929237523869233e+04
2.886474485431657376e+04 2.094078492697473121e+04
1.226971642145441583e+05 7.949550361929788778e+04
1.371568272895666887e+05 7.972516952754373779e+04
9.761567251976370244e+03 9.435894490778484396e+03
6.802289129952114308e+02 5.915139756331129774e+02
1.461905842285617546e+05 8.094240136140797404e+04
5.397694070006773109e+05 1.193782049415688962e+05
5.266524204100519455e+03 4.974768831267608221e+03
7.408337550064135968e+00 6.563066368365584324e+00
2.484039083381474278e+00 2.222526139221842278e+00
8.806489323224963028e-01 8.000514325645035063e-01
3.114372208208235904e-01 2.866823086039529400e-01
1.098929527515525306e-01 1.023128887115014873e-01
